1c:6f:65:a0:61:7e
1c:6f:65:a0:61:7e
b8:27:eb:73:61:df
1c:6f:65:a0:61:7e
b8:27:eb:73:61:df
1c:6f:65:a0:61:7e
b8:27:eb:73:61:df
b8:27:eb:73:61:df
b8:27:eb:73:61:df
b8:27:eb:73:61:df
1c:6f:65:a0:61:7e
1c:6f:65:a0:61:7e
1c:6f:65:a0:61:7e
1c:6f:65:a0:61:7e
1c:6f:65:a0:61:7e
1c:6f:65:a0:61:7e
1c:6f:65:a0:61:7e
1c:6f:65:a0:61:7e
1c:6f:65:a0:61:7e
1c:6f:65:a0:61:7e
1c:6f:65:a0:61:7e
1c:6f:65:a0:61:7e
1c:6f:65:a0:61:7e
1c:6f:65:a0:61:7e
1c:6f:65:a0:61:7e
1c:6f:65:a0:61:7e
1c:6f:65:a0:61:7e
1c:6f:65:a0:61:7e
1c:6f:65:a0:61:7e
1c:6f:65:a0:61:7e
1c:6f:65:a0:61:7e
1c:6f:65:a0:61:7e
1c:6f:65:a0:61:7e
1c:6f:65:a0:61:7e
1c:6f:65:a0:61:7e
1c:6f:65:a0:61:7e
1c:6f:65:a0:61:7e
1c:6f:65:a0:61:7e
1c:6f:65:a0:61:7e
1c:6f:65:a0:61:7e
1c:6f:65:a0:61:7e
1c:6f:65:a0:61:7e
1c:6f:65:a0:61:7e
1c:6f:65:a0:61:7e
1c:6f:65:a0:61:7e
1c:6f:65:a0:61:7e
1c:6f:65:a0:61:7e
1c:6f:65:a0:61:7e
1c:6f:65:a0:61:7e
1c:6f:65:a0:61:7e
1c:6f:65:a0:61:7e
1c:6f:65:a0:61:7e
1c:6f:65:a0:61:7e
1c:6f:65:a0:61:7e
1c:6f:65:a0:61:7e
1c:6f:65:a0:61:7e
fc:aa:14:07:d8:0d
fc:aa:14:07:d8:0d
fc:aa:14:07:d8:0d
fc:aa:14:07:d8:0d
fc:aa:14:07:d8:0d
fc:aa:14:07:d8:0d
1c:6f:65:a0:61:7e
1c:6f:65:a0:61:7e
fc:aa:14:07:d8:0d
fc:aa:14:07:d8:0d
fc:aa:14:07:d8:0d
1c:6f:65:a0:61:7e
fc:aa:14:07:d8:0d
fc:aa:14:07:d8:0d
fc:aa:14:07:d8:0d
1c:6f:65:a0:61:7e
fc:aa:14:07:d8:0d
fc:aa:14:07:d8:0d
fc:aa:14:07:d8:0d
fc:aa:14:07:d8:0d
fc:aa:14:07:d8:0d
1c:6f:65:a0:61:7e
fc:aa:14:07:d8:0d
fc:aa:14:07:d8:0d
fc:aa:14:07:d8:0d
fc:aa:14:07:d8:0d
fc:aa:14:07:d8:0d
fc:aa:14:07:d8:0d
fc:aa:14:07:d8:0d
fc:aa:14:07:d8:0d
fc:aa:14:07:d8:0d
fc:aa:14:07:d8:0d
fc:aa:14:07:d8:0d
fc:aa:14:07:d8:0d
1c:6f:65:a0:61:7e
fc:aa:14:07:d8:0d
fc:aa:14:07:d8:0d
fc:aa:14:07:d8:0d
fc:aa:14:07:d8:0d
fc:aa:14:07:d8:0d
fc:aa:14:07:d8:0d
fc:aa:14:07:d8:0d
fc:aa:14:07:d8:0d
fc:aa:14:07:d8:0d
1c:6f:65:a0:61:7e
1c:6f:65:a0:61:7e
1c:6f:65:a0:61:7e
1c:6f:65:a0:61:7e
1c:6f:65:a0:61:7e
1c:6f:65:a0:61:7e
1c:6f:65:a0:61:7e
1c:6f:65:a0:61:7e
1c:6f:65:a0:61:7e
1c:6f:65:a0:61:7e
1c:6f:65:a0:61:7e
1c:6f:65:a0:61:7e
1c:6f:65:a0:61:7e
1c:6f:65:a0:61:7e
1c:6f:65:a0:61:7e
1c:6f:65:a0:61:7e
1c:6f:65:a0:61:7e
1c:6f:65:a0:61:7e
1c:6f:65:a0:61:7e
1c:6f:65:a0:61:7e
1c:6f:65:a0:61:7e
1c:6f:65:a0:61:7e
1c:6f:65:a0:61:7e
1c:6f:65:a0:61:7e
1c:6f:65:a0:61:7e
1c:6f:65:a0:61:7e
1c:6f:65:a0:61:7e
1c:6f:65:a0:61:7e
1c:6f:65:a0:61:7e
1c:6f:65:a0:61:7e
1c:6f:65:a0:61:7e
1c:6f:65:a0:61:7e
1c:6f:65:a0:61:7e
1c:6f:65:a0:61:7e
1c:6f:65:a0:61:7e
1c:6f:65:a0:61:7e
1c:6f:65:a0:61:7e
1c:6f:65:a0:61:7e
1c:6f:65:a0:61:7e
1c:6f:65:a0:61:7e
1c:6f:65:a0:61:7e
b8:27:eb:df:89:5e
b8:27:eb:73:61:df
b8:27:eb:4e:08:79
b8:27:eb:f2:b8:0a
1c:6f:65:a0:61:7e
b8:27:eb:73:61:df
b8:27:eb:df:89:5e
b8:27:eb:4e:08:79
b8:27:eb:f2:b8:0a
1c:6f:65:a0:61:7e
b8:27:eb:73:61:df
b8:27:eb:4e:08:79
b8:27:eb:f2:b8:0a
b8:27:eb:df:89:5e
1c:6f:65:a0:61:7e
b8:27:eb:73:61:df
b8:27:eb:df:89:5e
b8:27:eb:4e:08:79
b8:27:eb:f2:b8:0a
1c:6f:65:a0:61:7e
b8:27:eb:73:61:df
b8:27:eb:df:89:5e
b8:27:eb:f2:b8:0a
b8:27:eb:4e:08:79
b8:27:eb:df:89:5e
b8:27:eb:73:61:df
b8:27:eb:4e:08:79
1c:6f:65:a0:61:7e
b8:27:eb:f2:b8:0a
b8:27:eb:df:89:5e
b8:27:eb:73:61:df
b8:27:eb:4e:08:79
1c:6f:65:a0:61:7e
b8:27:eb:f2:b8:0a
b8:27:eb:df:89:5e
b8:27:eb:73:61:df
b8:27:eb:4e:08:79
b8:27:eb:f2:b8:0a
1c:6f:65:a0:61:7e
b8:27:eb:73:61:df
b8:27:eb:4e:08:79
b8:27:eb:df:89:5e
b8:27:eb:f2:b8:0a
1c:6f:65:a0:61:7e
b8:27:eb:df:89:5e
b8:27:eb:73:61:df
b8:27:eb:4e:08:79
b8:27:eb:f2:b8:0a
1c:6f:65:a0:61:7e
b8:27:eb:73:61:df
b8:27:eb:f2:b8:0a
b8:27:eb:df:89:5e
b8:27:eb:4e:08:79
1c:6f:65:a0:61:7e
b8:27:eb:73:61:df
b8:27:eb:f2:b8:0a
b8:27:eb:df:89:5e
b8:27:eb:4e:08:79
b8:27:eb:73:61:df
b8:27:eb:f2:b8:0a
1c:6f:65:a0:61:7e
b8:27:eb:df:89:5e
b8:27:eb:4e:08:79
b8:27:eb:73:61:df
b8:27:eb:f2:b8:0a
1c:6f:65:a0:61:7e
b8:27:eb:4e:08:79
b8:27:eb:df:89:5e
b8:27:eb:73:61:df
b8:27:eb:f2:b8:0a
b8:27:eb:df:89:5e
b8:27:eb:4e:08:79
1c:6f:65:a0:61:7e
b8:27:eb:73:61:df
b8:27:eb:f2:b8:0a
b8:27:eb:4e:08:79
b8:27:eb:df:89:5e
1c:6f:65:a0:61:7e
b8:27:eb:73:61:df
b8:27:eb:f2:b8:0a
b8:27:eb:4e:08:79
b8:27:eb:df:89:5e
1c:6f:65:a0:61:7e
b8:27:eb:73:61:df
b8:27:eb:f2:b8:0a
b8:27:eb:4e:08:79
b8:27:eb:df:89:5e
b8:27:eb:73:61:df
1c:6f:65:a0:61:7e
b8:27:eb:f2:b8:0a
b8:27:eb:4e:08:79
b8:27:eb:df:89:5e
b8:27:eb:73:61:df
1c:6f:65:a0:61:7e
b8:27:eb:f2:b8:0a
b8:27:eb:4e:08:79
b8:27:eb:df:89:5e
b8:27:eb:73:61:df
1c:6f:65:a0:61:7e
b8:27:eb:4e:08:79
b8:27:eb:f2:b8:0a
b8:27:eb:df:89:5e
b8:27:eb:73:61:df
b8:27:eb:f2:b8:0a
b8:27:eb:4e:08:79
1c:6f:65:a0:61:7e
b8:27:eb:df:89:5e
b8:27:eb:73:61:df
b8:27:eb:f2:b8:0a
b8:27:eb:4e:08:79
1c:6f:65:a0:61:7e
b8:27:eb:df:89:5e
b8:27:eb:73:61:df
b8:27:eb:f2:b8:0a
b8:27:eb:4e:08:79
1c:6f:65:a0:61:7e
b8:27:eb:df:89:5e
b8:27:eb:73:61:df
b8:27:eb:f2:b8:0a
b8:27:eb:4e:08:79
b8:27:eb:df:89:5e
1c:6f:65:a0:61:7e
b8:27:eb:73:61:df
b8:27:eb:f2:b8:0a
b8:27:eb:4e:08:79
b8:27:eb:df:89:5e
1c:6f:65:a0:61:7e
b8:27:eb:73:61:df
b8:27:eb:f2:b8:0a
b8:27:eb:4e:08:79
b8:27:eb:df:89:5e
b8:27:eb:73:61:df
1c:6f:65:a0:61:7e
b8:27:eb:f2:b8:0a
b8:27:eb:4e:08:79
b8:27:eb:df:89:5e
b8:27:eb:f2:b8:0a
b8:27:eb:73:61:df
1c:6f:65:a0:61:7e
b8:27:eb:4e:08:79
b8:27:eb:df:89:5e
b8:27:eb:f2:b8:0a
b8:27:eb:73:61:df
1c:6f:65:a0:61:7e
b8:27:eb:4e:08:79
b8:27:eb:df:89:5e
b8:27:eb:f2:b8:0a
b8:27:eb:73:61:df
b8:27:eb:4e:08:79
1c:6f:65:a0:61:7e
b8:27:eb:df:89:5e
b8:27:eb:f2:b8:0a
b8:27:eb:73:61:df
b8:27:eb:4e:08:79
1c:6f:65:a0:61:7e
b8:27:eb:df:89:5e
b8:27:eb:f2:b8:0a
b8:27:eb:73:61:df
b8:27:eb:4e:08:79
b8:27:eb:df:89:5e
1c:6f:65:a0:61:7e
b8:27:eb:f2:b8:0a
b8:27:eb:73:61:df
b8:27:eb:4e:08:79
b8:27:eb:df:89:5e
1c:6f:65:a0:61:7e
b8:27:eb:f2:b8:0a
b8:27:eb:73:61:df
b8:27:eb:4e:08:79
b8:27:eb:df:89:5e
1c:6f:65:a0:61:7e
b8:27:eb:73:61:df
b8:27:eb:f2:b8:0a
b8:27:eb:4e:08:79
b8:27:eb:df:89:5e
b8:27:eb:f2:b8:0a
b8:27:eb:73:61:df
1c:6f:65:a0:61:7e
b8:27:eb:4e:08:79
b8:27:eb:df:89:5e
b8:27:eb:f2:b8:0a
b8:27:eb:73:61:df
1c:6f:65:a0:61:7e
b8:27:eb:4e:08:79
b8:27:eb:f2:b8:0a
b8:27:eb:df:89:5e
b8:27:eb:73:61:df
1c:6f:65:a0:61:7e
b8:27:eb:4e:08:79
b8:27:eb:f2:b8:0a
b8:27:eb:73:61:df
b8:27:eb:df:89:5e
1c:6f:65:a0:61:7e
b8:27:eb:4e:08:79
b8:27:eb:f2:b8:0a
b8:27:eb:df:89:5e
b8:27:eb:73:61:df
b8:27:eb:4e:08:79
1c:6f:65:a0:61:7e
b8:27:eb:df:89:5e
b8:27:eb:f2:b8:0a
b8:27:eb:73:61:df
b8:27:eb:4e:08:79
1c:6f:65:a0:61:7e
b8:27:eb:73:61:df
b8:27:eb:df:89:5e
b8:27:eb:f2:b8:0a
b8:27:eb:4e:08:79
1c:6f:65:a0:61:7e
b8:27:eb:73:61:df
b8:27:eb:df:89:5e
b8:27:eb:f2:b8:0a
b8:27:eb:4e:08:79
1c:6f:65:a0:61:7e
b8:27:eb:73:61:df
b8:27:eb:df:89:5e
b8:27:eb:f2:b8:0a
b8:27:eb:4e:08:79
b8:27:eb:73:61:df
1c:6f:65:a0:61:7e
b8:27:eb:df:89:5e
b8:27:eb:4e:08:79
b8:27:eb:f2:b8:0a
b8:27:eb:df:89:5e
b8:27:eb:4e:08:79
b8:27:eb:73:61:df
b8:27:eb:f2:b8:0a
1c:6f:65:a0:61:7e
b8:27:eb:f2:b8:0a
b8:27:eb:df:89:5e
b8:27:eb:73:61:df
b8:27:eb:4e:08:79
1c:6f:65:a0:61:7e
b8:27:eb:f2:b8:0a
b8:27:eb:df:89:5e
b8:27:eb:73:61:df
b8:27:eb:4e:08:79
1c:6f:65:a0:61:7e
b8:27:eb:f2:b8:0a
b8:27:eb:4e:08:79
b8:27:eb:df:89:5e
b8:27:eb:73:61:df
1c:6f:65:a0:61:7e
b8:27:eb:f2:b8:0a
b8:27:eb:df:89:5e
b8:27:eb:73:61:df
b8:27:eb:4e:08:79
1c:6f:65:a0:61:7e
b8:27:eb:f2:b8:0a
b8:27:eb:df:89:5e
b8:27:eb:73:61:df
b8:27:eb:4e:08:79
1c:6f:65:a0:61:7e
b8:27:eb:df:89:5e
b8:27:eb:f2:b8:0a
b8:27:eb:73:61:df
b8:27:eb:4e:08:79
b8:27:eb:df:89:5e
1c:6f:65:a0:61:7e
b8:27:eb:f2:b8:0a
b8:27:eb:73:61:df
b8:27:eb:4e:08:79
b8:27:eb:df:89:5e
1c:6f:65:a0:61:7e
b8:27:eb:f2:b8:0a
b8:27:eb:73:61:df
b8:27:eb:4e:08:79
b8:27:eb:df:89:5e
b8:27:eb:f2:b8:0a
1c:6f:65:a0:61:7e
b8:27:eb:4e:08:79
b8:27:eb:73:61:df
b8:27:eb:df:89:5e
b8:27:eb:f2:b8:0a
b8:27:eb:4e:08:79
1c:6f:65:a0:61:7e
b8:27:eb:73:61:df
b8:27:eb:df:89:5e
b8:27:eb:f2:b8:0a
b8:27:eb:4e:08:79
1c:6f:65:a0:61:7e
b8:27:eb:73:61:df
b8:27:eb:df:89:5e
b8:27:eb:f2:b8:0a
b8:27:eb:4e:08:79
b8:27:eb:73:61:df
1c:6f:65:a0:61:7e
b8:27:eb:df:89:5e
b8:27:eb:f2:b8:0a
b8:27:eb:73:61:df
b8:27:eb:4e:08:79
1c:6f:65:a0:61:7e
b8:27:eb:df:89:5e
b8:27:eb:f2:b8:0a
b8:27:eb:73:61:df
b8:27:eb:4e:08:79
1c:6f:65:a0:61:7e
b8:27:eb:df:89:5e
b8:27:eb:73:61:df
b8:27:eb:f2:b8:0a
b8:27:eb:4e:08:79
b8:27:eb:df:89:5e
1c:6f:65:a0:61:7e
b8:27:eb:f2:b8:0a
b8:27:eb:73:61:df
b8:27:eb:4e:08:79
b8:27:eb:df:89:5e
b8:27:eb:f2:b8:0a
1c:6f:65:a0:61:7e
b8:27:eb:73:61:df
b8:27:eb:4e:08:79
1c:6f:65:a0:61:7e
b8:27:eb:df:89:5e
b8:27:eb:73:61:df
b8:27:eb:4e:08:79
b8:27:eb:f2:b8:0a
b8:27:eb:df:89:5e
b8:27:eb:f2:b8:0a
b8:27:eb:df:89:5e
b8:27:eb:df:89:5e
b8:27:eb:73:61:df
b8:27:eb:4e:08:79
b8:27:eb:f2:b8:0a
1c:6f:65:a0:61:7e
b8:27:eb:73:61:df
b8:27:eb:df:89:5e
b8:27:eb:f2:b8:0a
b8:27:eb:4e:08:79
b8:27:eb:f2:b8:0a
1c:6f:65:a0:61:7e
b8:27:eb:4e:08:79
b8:27:eb:df:89:5e
b8:27:eb:73:61:df
b8:27:eb:73:61:df
b8:27:eb:df:89:5e
b8:27:eb:f2:b8:0a
b8:27:eb:f2:b8:0a
b8:27:eb:4e:08:79
1c:6f:65:a0:61:7e
b8:27:eb:73:61:df
b8:27:eb:df:89:5e
b8:27:eb:f2:b8:0a
b8:27:eb:4e:08:79
b8:27:eb:df:89:5e
b8:27:eb:73:61:df
1c:6f:65:a0:61:7e
b8:27:eb:f2:b8:0a
b8:27:eb:4e:08:79
b8:27:eb:df:89:5e
b8:27:eb:73:61:df
1c:6f:65:a0:61:7e
b8:27:eb:f2:b8:0a
b8:27:eb:4e:08:79
b8:27:eb:df:89:5e
b8:27:eb:73:61:df
b8:27:eb:f2:b8:0a
1c:6f:65:a0:61:7e
b8:27:eb:4e:08:79
b8:27:eb:73:61:df
b8:27:eb:df:89:5e
b8:27:eb:f2:b8:0a
1c:6f:65:a0:61:7e
b8:27:eb:4e:08:79
b8:27:eb:df:89:5e
b8:27:eb:73:61:df
b8:27:eb:f2:b8:0a
1c:6f:65:a0:61:7e
b8:27:eb:df:89:5e
b8:27:eb:4e:08:79
b8:27:eb:73:61:df
b8:27:eb:f2:b8:0a
1c:6f:65:a0:61:7e
b8:27:eb:df:89:5e
b8:27:eb:f2:b8:0a
b8:27:eb:4e:08:79
b8:27:eb:73:61:df
1c:6f:65:a0:61:7e
b8:27:eb:df:89:5e
b8:27:eb:f2:b8:0a
b8:27:eb:4e:08:79
b8:27:eb:73:61:df
b8:27:eb:f2:b8:0a
b8:27:eb:73:61:df
b8:27:eb:df:89:5e
b8:27:eb:4e:08:79
1c:6f:65:a0:61:7e
b8:27:eb:df:89:5e
b8:27:eb:73:61:df
b8:27:eb:f2:b8:0a
b8:27:eb:4e:08:79
b8:27:eb:f2:b8:0a
1c:6f:65:a0:61:7e
b8:27:eb:73:61:df
b8:27:eb:df:89:5e
b8:27:eb:4e:08:79
b8:27:eb:f2:b8:0a
b8:27:eb:df:89:5e
b8:27:eb:73:61:df
1c:6f:65:a0:61:7e
b8:27:eb:4e:08:79
b8:27:eb:f2:b8:0a
b8:27:eb:73:61:df
b8:27:eb:df:89:5e
1c:6f:65:a0:61:7e
b8:27:eb:4e:08:79
b8:27:eb:f2:b8:0a
b8:27:eb:df:89:5e
b8:27:eb:73:61:df
1c:6f:65:a0:61:7e
b8:27:eb:4e:08:79
b8:27:eb:f2:b8:0a
b8:27:eb:df:89:5e
b8:27:eb:73:61:df
1c:6f:65:a0:61:7e
b8:27:eb:f2:b8:0a
b8:27:eb:4e:08:79
b8:27:eb:df:89:5e
b8:27:eb:73:61:df
1c:6f:65:a0:61:7e
b8:27:eb:f2:b8:0a
b8:27:eb:4e:08:79
b8:27:eb:df:89:5e
b8:27:eb:73:61:df
b8:27:eb:f2:b8:0a
1c:6f:65:a0:61:7e
b8:27:eb:4e:08:79
b8:27:eb:df:89:5e
b8:27:eb:73:61:df
b8:27:eb:f2:b8:0a
b8:27:eb:4e:08:79
b8:27:eb:df:89:5e
1c:6f:65:a0:61:7e
b8:27:eb:73:61:df
b8:27:eb:f2:b8:0a
b8:27:eb:df:89:5e
b8:27:eb:4e:08:79
b8:27:eb:73:61:df
1c:6f:65:a0:61:7e
b8:27:eb:df:89:5e
b8:27:eb:f2:b8:0a
b8:27:eb:4e:08:79
b8:27:eb:73:61:df
1c:6f:65:a0:61:7e
b8:27:eb:df:89:5e
b8:27:eb:4e:08:79
b8:27:eb:f2:b8:0a
b8:27:eb:73:61:df
1c:6f:65:a0:61:7e
b8:27:eb:df:89:5e
b8:27:eb:4e:08:79
b8:27:eb:f2:b8:0a
b8:27:eb:73:61:df
b8:27:eb:df:89:5e
1c:6f:65:a0:61:7e
b8:27:eb:4e:08:79
b8:27:eb:f2:b8:0a
b8:27:eb:73:61:df
b8:27:eb:df:89:5e
1c:6f:65:a0:61:7e
b8:27:eb:4e:08:79
b8:27:eb:f2:b8:0a
b8:27:eb:73:61:df
b8:27:eb:df:89:5e
b8:27:eb:4e:08:79
1c:6f:65:a0:61:7e
b8:27:eb:f2:b8:0a
b8:27:eb:73:61:df
b8:27:eb:df:89:5e
b8:27:eb:4e:08:79
b8:27:eb:f2:b8:0a
1c:6f:65:a0:61:7e
b8:27:eb:73:61:df
b8:27:eb:df:89:5e
b8:27:eb:4e:08:79
b8:27:eb:f2:b8:0a
1c:6f:65:a0:61:7e
b8:27:eb:73:61:df
b8:27:eb:df:89:5e
b8:27:eb:f2:b8:0a
b8:27:eb:4e:08:79
b8:27:eb:73:61:df
1c:6f:65:a0:61:7e
b8:27:eb:df:89:5e
b8:27:eb:4e:08:79
b8:27:eb:f2:b8:0a
b8:27:eb:73:61:df
1c:6f:65:a0:61:7e
b8:27:eb:df:89:5e
b8:27:eb:4e:08:79
b8:27:eb:f2:b8:0a
b8:27:eb:73:61:df
b8:27:eb:df:89:5e
1c:6f:65:a0:61:7e
b8:27:eb:f2:b8:0a
b8:27:eb:4e:08:79
b8:27:eb:73:61:df
b8:27:eb:df:89:5e
1c:6f:65:a0:61:7e
b8:27:eb:f2:b8:0a
b8:27:eb:4e:08:79
b8:27:eb:73:61:df
b8:27:eb:df:89:5e
b8:27:eb:f2:b8:0a
1c:6f:65:a0:61:7e
b8:27:eb:4e:08:79
b8:27:eb:73:61:df
b8:27:eb:df:89:5e
b8:27:eb:f2:b8:0a
1c:6f:65:a0:61:7e
b8:27:eb:4e:08:79
b8:27:eb:df:89:5e
b8:27:eb:73:61:df
b8:27:eb:f2:b8:0a
b8:27:eb:4e:08:79
1c:6f:65:a0:61:7e
b8:27:eb:df:89:5e
b8:27:eb:73:61:df
b8:27:eb:f2:b8:0a
b8:27:eb:4e:08:79
1c:6f:65:a0:61:7e
b8:27:eb:73:61:df
b8:27:eb:df:89:5e
b8:27:eb:f2:b8:0a
b8:27:eb:73:61:df
b8:27:eb:4e:08:79
1c:6f:65:a0:61:7e
b8:27:eb:df:89:5e
b8:27:eb:f2:b8:0a
b8:27:eb:4e:08:79
b8:27:eb:73:61:df
b8:27:eb:df:89:5e
1c:6f:65:a0:61:7e
b8:27:eb:f2:b8:0a
b8:27:eb:73:61:df
b8:27:eb:4e:08:79
b8:27:eb:df:89:5e
b8:27:eb:f2:b8:0a
1c:6f:65:a0:61:7e
b8:27:eb:4e:08:79
b8:27:eb:73:61:df
b8:27:eb:df:89:5e
b8:27:eb:f2:b8:0a
1c:6f:65:a0:61:7e
b8:27:eb:4e:08:79
b8:27:eb:df:89:5e
b8:27:eb:73:61:df
b8:27:eb:f2:b8:0a
1c:6f:65:a0:61:7e
60:02:92:b3:48:25
b8:27:eb:4e:08:79
b8:27:eb:df:89:5e
b8:27:eb:73:61:df
b8:27:eb:f2:b8:0a
fc:aa:14:07:d8:0d
fc:aa:14:07:d8:0d
1c:6f:65:a0:61:7e
b8:27:eb:df:89:5e
b8:27:eb:4e:08:79
b8:27:eb:f2:b8:0a
b8:27:eb:73:61:df
fc:aa:14:07:d8:0d
b8:27:eb:df:89:5e
1c:6f:65:a0:61:7e
b8:27:eb:4e:08:79
b8:27:eb:f2:b8:0a
b8:27:eb:73:61:df
fc:aa:14:07:d8:0d
b8:27:eb:df:89:5e
b8:27:eb:4e:08:79
b8:27:eb:f2:b8:0a
1c:6f:65:a0:61:7e
b8:27:eb:73:61:df
fc:aa:14:07:d8:0d
b8:27:eb:4e:08:79
b8:27:eb:df:89:5e
b8:27:eb:f2:b8:0a
1c:6f:65:a0:61:7e
b8:27:eb:73:61:df
fc:aa:14:07:d8:0d
b8:27:eb:df:89:5e
b8:27:eb:4e:08:79
b8:27:eb:f2:b8:0a
1c:6f:65:a0:61:7e
b8:27:eb:73:61:df
fc:aa:14:07:d8:0d
b8:27:eb:df:89:5e
b8:27:eb:f2:b8:0a
b8:27:eb:4e:08:79
b8:27:eb:73:61:df
1c:6f:65:a0:61:7e
fc:aa:14:07:d8:0d
b8:27:eb:df:89:5e
b8:27:eb:f2:b8:0a
b8:27:eb:4e:08:79
fc:aa:14:07:d8:0d
b8:27:eb:73:61:df
1c:6f:65:a0:61:7e
b8:27:eb:df:89:5e
b8:27:eb:4e:08:79
b8:27:eb:f2:b8:0a
fc:aa:14:07:d8:0d
b8:27:eb:73:61:df
b8:27:eb:df:89:5e
b8:27:eb:f2:b8:0a
1c:6f:65:a0:61:7e
b8:27:eb:4e:08:79
fc:aa:14:07:d8:0d
b8:27:eb:73:61:df
b8:27:eb:df:89:5e
b8:27:eb:f2:b8:0a
b8:27:eb:4e:08:79
1c:6f:65:a0:61:7e
fc:aa:14:07:d8:0d
b8:27:eb:df:89:5e
b8:27:eb:73:61:df
b8:27:eb:f2:b8:0a
b8:27:eb:4e:08:79
fc:aa:14:07:d8:0d
fc:aa:14:07:d8:0d
1c:6f:65:a0:61:7e
e8:de:27:a7:91:0a
fc:aa:14:07:d8:0d
fc:aa:14:07:d8:0d
fc:aa:14:07:d8:0d
b8:27:eb:73:61:df
b8:27:eb:df:89:5e
b8:27:eb:f2:b8:0a
fc:aa:14:07:d8:0d
fc:aa:14:07:d8:0d
fc:aa:14:07:d8:0d
fc:aa:14:07:d8:0d
b8:27:eb:4e:08:79
fc:aa:14:07:d8:0d
fc:aa:14:07:d8:0d
1c:6f:65:a0:61:7e
fc:aa:14:07:d8:0d
fc:aa:14:07:d8:0d
b8:27:eb:73:61:df
fc:aa:14:07:d8:0d
fc:aa:14:07:d8:0d
e8:de:27:a7:91:0a
b8:27:eb:df:89:5e
b8:27:eb:f2:b8:0a
b8:27:eb:4e:08:79
fc:aa:14:07:d8:0d
fc:aa:14:07:d8:0d
b8:27:eb:73:61:df
1c:6f:65:a0:61:7e
fc:aa:14:07:d8:0d
fc:aa:14:07:d8:0d
b8:27:eb:df:89:5e
b8:27:eb:f2:b8:0a
b8:27:eb:4e:08:79
b8:27:eb:73:61:df
fc:aa:14:07:d8:0d
1c:6f:65:a0:61:7e
b8:27:eb:f2:b8:0a
b8:27:eb:df:89:5e
b8:27:eb:4e:08:79
fc:aa:14:07:d8:0d
b8:27:eb:73:61:df
1c:6f:65:a0:61:7e
b8:27:eb:4e:08:79
b8:27:eb:f2:b8:0a
b8:27:eb:df:89:5e
b8:27:eb:73:61:df
fc:aa:14:07:d8:0d
fc:aa:14:07:d8:0d
1c:6f:65:a0:61:7e
b8:27:eb:4e:08:79
b8:27:eb:df:89:5e
b8:27:eb:f2:b8:0a
b8:27:eb:73:61:df
1c:6f:65:a0:61:7e
b8:27:eb:4e:08:79
b8:27:eb:df:89:5e
b8:27:eb:f2:b8:0a
b8:27:eb:73:61:df
b8:27:eb:4e:08:79
1c:6f:65:a0:61:7e
b8:27:eb:f2:b8:0a
b8:27:eb:df:89:5e
b8:27:eb:73:61:df
b8:27:eb:4e:08:79
b8:27:eb:df:89:5e
b8:27:eb:f2:b8:0a
1c:6f:65:a0:61:7e
b8:27:eb:73:61:df
b8:27:eb:4e:08:79
b8:27:eb:df:89:5e
b8:27:eb:f2:b8:0a
b8:27:eb:73:61:df
1c:6f:65:a0:61:7e
b8:27:eb:df:89:5e
b8:27:eb:4e:08:79
b8:27:eb:73:61:df
b8:27:eb:f2:b8:0a
1c:6f:65:a0:61:7e
b8:27:eb:4e:08:79
b8:27:eb:73:61:df
b8:27:eb:df:89:5e
b8:27:eb:f2:b8:0a
1c:6f:65:a0:61:7e
b8:27:eb:4e:08:79
b8:27:eb:df:89:5e
b8:27:eb:73:61:df
b8:27:eb:f2:b8:0a
1c:6f:65:a0:61:7e
b8:27:eb:4e:08:79
b8:27:eb:df:89:5e
b8:27:eb:73:61:df
b8:27:eb:f2:b8:0a
b8:27:eb:4e:08:79
1c:6f:65:a0:61:7e
b8:27:eb:df:89:5e
b8:27:eb:73:61:df
b8:27:eb:f2:b8:0a
b8:27:eb:4e:08:79
b8:27:eb:df:89:5e
1c:6f:65:a0:61:7e
b8:27:eb:73:61:df
b8:27:eb:f2:b8:0a
b8:27:eb:4e:08:79
b8:27:eb:df:89:5e
1c:6f:65:a0:61:7e
b8:27:eb:73:61:df
b8:27:eb:f2:b8:0a
b8:27:eb:4e:08:79
b8:27:eb:df:89:5e
b8:27:eb:73:61:df
1c:6f:65:a0:61:7e
b8:27:eb:f2:b8:0a
b8:27:eb:4e:08:79
b8:27:eb:df:89:5e
b8:27:eb:73:61:df
1c:6f:65:a0:61:7e
b8:27:eb:f2:b8:0a
b8:27:eb:4e:08:79
b8:27:eb:df:89:5e
b8:27:eb:73:61:df
b8:27:eb:4e:08:79
b8:27:eb:f2:b8:0a
1c:6f:65:a0:61:7e
b8:27:eb:73:61:df
b8:27:eb:df:89:5e
b8:27:eb:4e:08:79
b8:27:eb:f2:b8:0a
1c:6f:65:a0:61:7e
b8:27:eb:73:61:df
b8:27:eb:df:89:5e
b8:27:eb:4e:08:79
b8:27:eb:f2:b8:0a
1c:6f:65:a0:61:7e
b8:27:eb:73:61:df
b8:27:eb:df:89:5e
b8:27:eb:4e:08:79
b8:27:eb:f2:b8:0a
b8:27:eb:73:61:df
1c:6f:65:a0:61:7e
b8:27:eb:df:89:5e
b8:27:eb:4e:08:79
b8:27:eb:f2:b8:0a
b8:27:eb:73:61:df
1c:6f:65:a0:61:7e
b8:27:eb:df:89:5e
b8:27:eb:4e:08:79
b8:27:eb:f2:b8:0a
b8:27:eb:73:61:df
b8:27:eb:df:89:5e
1c:6f:65:a0:61:7e
b8:27:eb:4e:08:79
b8:27:eb:f2:b8:0a
b8:27:eb:73:61:df
b8:27:eb:df:89:5e
b8:27:eb:4e:08:79
1c:6f:65:a0:61:7e
b8:27:eb:f2:b8:0a
b8:27:eb:73:61:df
b8:27:eb:df:89:5e
b8:27:eb:4e:08:79
b8:27:eb:f2:b8:0a
1c:6f:65:a0:61:7e
b8:27:eb:df:89:5e
b8:27:eb:73:61:df
b8:27:eb:4e:08:79
b8:27:eb:f2:b8:0a
1c:6f:65:a0:61:7e
b8:27:eb:73:61:df
b8:27:eb:df:89:5e
b8:27:eb:4e:08:79
b8:27:eb:f2:b8:0a
1c:6f:65:a0:61:7e
b8:27:eb:73:61:df
b8:27:eb:df:89:5e
b8:27:eb:4e:08:79
b8:27:eb:f2:b8:0a
b8:27:eb:73:61:df
b8:27:eb:df:89:5e
1c:6f:65:a0:61:7e
b8:27:eb:4e:08:79
b8:27:eb:f2:b8:0a
b8:27:eb:73:61:df
b8:27:eb:df:89:5e
b8:27:eb:4e:08:79
1c:6f:65:a0:61:7e
b8:27:eb:73:61:df
b8:27:eb:f2:b8:0a
b8:27:eb:df:89:5e
b8:27:eb:4e:08:79
1c:6f:65:a0:61:7e
b8:27:eb:73:61:df
b8:27:eb:f2:b8:0a
b8:27:eb:4e:08:79
b8:27:eb:df:89:5e
1c:6f:65:a0:61:7e
b8:27:eb:73:61:df
b8:27:eb:f2:b8:0a
b8:27:eb:4e:08:79
b8:27:eb:df:89:5e
1c:6f:65:a0:61:7e
b8:27:eb:73:61:df
b8:27:eb:f2:b8:0a
b8:27:eb:4e:08:79
b8:27:eb:df:89:5e
b8:27:eb:73:61:df
1c:6f:65:a0:61:7e
b8:27:eb:f2:b8:0a
b8:27:eb:4e:08:79
b8:27:eb:df:89:5e
b8:27:eb:73:61:df
1c:6f:65:a0:61:7e
b8:27:eb:f2:b8:0a
b8:27:eb:4e:08:79
b8:27:eb:df:89:5e
b8:27:eb:73:61:df
b8:27:eb:f2:b8:0a
b8:27:eb:4e:08:79
1c:6f:65:a0:61:7e
b8:27:eb:df:89:5e
b8:27:eb:4e:08:79
b8:27:eb:73:61:df
b8:27:eb:f2:b8:0a
1c:6f:65:a0:61:7e
b8:27:eb:df:89:5e
b8:27:eb:4e:08:79
b8:27:eb:73:61:df
b8:27:eb:f2:b8:0a
b8:27:eb:df:89:5e
1c:6f:65:a0:61:7e
b8:27:eb:4e:08:79
b8:27:eb:73:61:df
b8:27:eb:f2:b8:0a
b8:27:eb:df:89:5e
1c:6f:65:a0:61:7e
b8:27:eb:4e:08:79
b8:27:eb:73:61:df
b8:27:eb:f2:b8:0a
b8:27:eb:df:89:5e
1c:6f:65:a0:61:7e
b8:27:eb:4e:08:79
b8:27:eb:73:61:df
b8:27:eb:f2:b8:0a
b8:27:eb:df:89:5e
1c:6f:65:a0:61:7e
b8:27:eb:73:61:df
b8:27:eb:4e:08:79
b8:27:eb:f2:b8:0a
b8:27:eb:df:89:5e
b8:27:eb:73:61:df
1c:6f:65:a0:61:7e
b8:27:eb:4e:08:79
b8:27:eb:f2:b8:0a
b8:27:eb:df:89:5e
b8:27:eb:73:61:df
b8:27:eb:4e:08:79
1c:6f:65:a0:61:7e
b8:27:eb:f2:b8:0a
b8:27:eb:df:89:5e
b8:27:eb:73:61:df
b8:27:eb:4e:08:79
b8:27:eb:f2:b8:0a
1c:6f:65:a0:61:7e
b8:27:eb:df:89:5e
b8:27:eb:73:61:df
b8:27:eb:4e:08:79
b8:27:eb:f2:b8:0a
1c:6f:65:a0:61:7e
b8:27:eb:df:89:5e
b8:27:eb:73:61:df
b8:27:eb:4e:08:79
b8:27:eb:f2:b8:0a
1c:6f:65:a0:61:7e
b8:27:eb:df:89:5e
b8:27:eb:4e:08:79
b8:27:eb:73:61:df
b8:27:eb:f2:b8:0a
1c:6f:65:a0:61:7e
b8:27:eb:df:89:5e
b8:27:eb:4e:08:79
b8:27:eb:73:61:df
b8:27:eb:f2:b8:0a
b8:27:eb:df:89:5e
b8:27:eb:4e:08:79
1c:6f:65:a0:61:7e
b8:27:eb:73:61:df
b8:27:eb:f2:b8:0a
b8:27:eb:df:89:5e
b8:27:eb:4e:08:79
1c:6f:65:a0:61:7e
b8:27:eb:73:61:df
b8:27:eb:f2:b8:0a
b8:27:eb:df:89:5e
b8:27:eb:4e:08:79
b8:27:eb:73:61:df
1c:6f:65:a0:61:7e
b8:27:eb:f2:b8:0a
b8:27:eb:df:89:5e
b8:27:eb:4e:08:79
b8:27:eb:73:61:df
b8:27:eb:f2:b8:0a
1c:6f:65:a0:61:7e
b8:27:eb:df:89:5e
b8:27:eb:4e:08:79
b8:27:eb:73:61:df
b8:27:eb:f2:b8:0a
1c:6f:65:a0:61:7e
b8:27:eb:df:89:5e
b8:27:eb:4e:08:79
b8:27:eb:73:61:df
b8:27:eb:f2:b8:0a
b8:27:eb:df:89:5e
1c:6f:65:a0:61:7e
b8:27:eb:4e:08:79
b8:27:eb:73:61:df
b8:27:eb:f2:b8:0a
b8:27:eb:df:89:5e
1c:6f:65:a0:61:7e
b8:27:eb:4e:08:79
b8:27:eb:73:61:df
b8:27:eb:f2:b8:0a
b8:27:eb:df:89:5e
1c:6f:65:a0:61:7e
b8:27:eb:4e:08:79
b8:27:eb:73:61:df
b8:27:eb:df:89:5e
b8:27:eb:f2:b8:0a
b8:27:eb:4e:08:79
b8:27:eb:73:61:df
1c:6f:65:a0:61:7e
b8:27:eb:df:89:5e
b8:27:eb:f2:b8:0a
b8:27:eb:4e:08:79
b8:27:eb:73:61:df
1c:6f:65:a0:61:7e
b8:27:eb:df:89:5e
b8:27:eb:f2:b8:0a
b8:27:eb:4e:08:79
b8:27:eb:73:61:df
b8:27:eb:df:89:5e
b8:27:eb:f2:b8:0a
1c:6f:65:a0:61:7e
b8:27:eb:73:61:df
b8:27:eb:4e:08:79
b8:27:eb:df:89:5e
b8:27:eb:f2:b8:0a
1c:6f:65:a0:61:7e
b8:27:eb:73:61:df
b8:27:eb:4e:08:79
b8:27:eb:df:89:5e
b8:27:eb:f2:b8:0a
1c:6f:65:a0:61:7e
b8:27:eb:73:61:df
b8:27:eb:4e:08:79
b8:27:eb:df:89:5e
b8:27:eb:f2:b8:0a
1c:6f:65:a0:61:7e
b8:27:eb:4e:08:79
b8:27:eb:73:61:df
b8:27:eb:df:89:5e
b8:27:eb:f2:b8:0a
1c:6f:65:a0:61:7e
b8:27:eb:4e:08:79
b8:27:eb:73:61:df
b8:27:eb:df:89:5e
b8:27:eb:f2:b8:0a
b8:27:eb:73:61:df
b8:27:eb:4e:08:79
1c:6f:65:a0:61:7e
b8:27:eb:df:89:5e
b8:27:eb:f2:b8:0a
b8:27:eb:4e:08:79
b8:27:eb:73:61:df
1c:6f:65:a0:61:7e
b8:27:eb:df:89:5e
b8:27:eb:f2:b8:0a
b8:27:eb:4e:08:79
b8:27:eb:73:61:df
b8:27:eb:df:89:5e
1c:6f:65:a0:61:7e
b8:27:eb:f2:b8:0a
b8:27:eb:4e:08:79
b8:27:eb:73:61:df
b8:27:eb:df:89:5e
1c:6f:65:a0:61:7e
b8:27:eb:f2:b8:0a
b8:27:eb:4e:08:79
b8:27:eb:73:61:df
b8:27:eb:df:89:5e
b8:27:eb:f2:b8:0a
1c:6f:65:a0:61:7e
b8:27:eb:4e:08:79
b8:27:eb:73:61:df
b8:27:eb:df:89:5e
b8:27:eb:f2:b8:0a
1c:6f:65:a0:61:7e
b8:27:eb:4e:08:79
b8:27:eb:73:61:df
b8:27:eb:df:89:5e
b8:27:eb:f2:b8:0a
b8:27:eb:4e:08:79
1c:6f:65:a0:61:7e
b8:27:eb:73:61:df
b8:27:eb:df:89:5e
b8:27:eb:f2:b8:0a
b8:27:eb:4e:08:79
b8:27:eb:73:61:df
1c:6f:65:a0:61:7e
b8:27:eb:df:89:5e
b8:27:eb:f2:b8:0a
b8:27:eb:4e:08:79
b8:27:eb:73:61:df
1c:6f:65:a0:61:7e
b8:27:eb:f2:b8:0a
b8:27:eb:df:89:5e
b8:27:eb:4e:08:79
b8:27:eb:73:61:df
1c:6f:65:a0:61:7e
b8:27:eb:f2:b8:0a
b8:27:eb:4e:08:79
b8:27:eb:df:89:5e
b8:27:eb:73:61:df
1c:6f:65:a0:61:7e
b8:27:eb:f2:b8:0a
b8:27:eb:4e:08:79
b8:27:eb:df:89:5e
b8:27:eb:73:61:df
b8:27:eb:df:89:5e
1c:6f:65:a0:61:7e
b8:27:eb:4e:08:79
b8:27:eb:f2:b8:0a
b8:27:eb:73:61:df
b8:27:eb:4e:08:79
b8:27:eb:f2:b8:0a
b8:27:eb:df:89:5e
1c:6f:65:a0:61:7e
b8:27:eb:73:61:df
b8:27:eb:f2:b8:0a
b8:27:eb:4e:08:79
b8:27:eb:df:89:5e
b8:27:eb:73:61:df
1c:6f:65:a0:61:7e
b8:27:eb:f2:b8:0a
b8:27:eb:4e:08:79
b8:27:eb:df:89:5e
b8:27:eb:73:61:df
1c:6f:65:a0:61:7e
b8:27:eb:f2:b8:0a
b8:27:eb:4e:08:79
b8:27:eb:df:89:5e
b8:27:eb:73:61:df
1c:6f:65:a0:61:7e
b8:27:eb:f2:b8:0a
b8:27:eb:4e:08:79
b8:27:eb:df:89:5e
b8:27:eb:73:61:df
1c:6f:65:a0:61:7e
b8:27:eb:f2:b8:0a
b8:27:eb:4e:08:79
b8:27:eb:73:61:df
b8:27:eb:df:89:5e
b8:27:eb:f2:b8:0a
1c:6f:65:a0:61:7e
b8:27:eb:4e:08:79
b8:27:eb:73:61:df
b8:27:eb:df:89:5e
b8:27:eb:f2:b8:0a
1c:6f:65:a0:61:7e
b8:27:eb:4e:08:79
b8:27:eb:73:61:df
b8:27:eb:df:89:5e
b8:27:eb:f2:b8:0a
b8:27:eb:4e:08:79
1c:6f:65:a0:61:7e
b8:27:eb:73:61:df
b8:27:eb:df:89:5e
b8:27:eb:f2:b8:0a
b8:27:eb:4e:08:79
1c:6f:65:a0:61:7e
b8:27:eb:73:61:df
b8:27:eb:df:89:5e
b8:27:eb:4e:08:79
b8:27:eb:f2:b8:0a
1c:6f:65:a0:61:7e
b8:27:eb:73:61:df
b8:27:eb:df:89:5e
b8:27:eb:f2:b8:0a
b8:27:eb:4e:08:79
b8:27:eb:73:61:df
1c:6f:65:a0:61:7e
b8:27:eb:df:89:5e
b8:27:eb:f2:b8:0a
b8:27:eb:4e:08:79
b8:27:eb:73:61:df
b8:27:eb:df:89:5e
1c:6f:65:a0:61:7e
b8:27:eb:f2:b8:0a
b8:27:eb:4e:08:79
b8:27:eb:73:61:df
b8:27:eb:df:89:5e
b8:27:eb:f2:b8:0a
1c:6f:65:a0:61:7e
b8:27:eb:4e:08:79
b8:27:eb:df:89:5e
b8:27:eb:73:61:df
b8:27:eb:f2:b8:0a
b8:27:eb:4e:08:79
1c:6f:65:a0:61:7e
b8:27:eb:df:89:5e
b8:27:eb:73:61:df
b8:27:eb:4e:08:79
b8:27:eb:f2:b8:0a
1c:6f:65:a0:61:7e
b8:27:eb:73:61:df
b8:27:eb:df:89:5e
b8:27:eb:4e:08:79
b8:27:eb:f2:b8:0a
1c:6f:65:a0:61:7e
b8:27:eb:73:61:df
b8:27:eb:df:89:5e
b8:27:eb:4e:08:79
b8:27:eb:f2:b8:0a
1c:6f:65:a0:61:7e
b8:27:eb:73:61:df
b8:27:eb:df:89:5e
b8:27:eb:4e:08:79
b8:27:eb:f2:b8:0a
b8:27:eb:73:61:df
1c:6f:65:a0:61:7e
b8:27:eb:4e:08:79
b8:27:eb:df:89:5e
b8:27:eb:f2:b8:0a
b8:27:eb:73:61:df
1c:6f:65:a0:61:7e
b8:27:eb:4e:08:79
b8:27:eb:df:89:5e
b8:27:eb:f2:b8:0a
b8:27:eb:73:61:df
1c:6f:65:a0:61:7e
b8:27:eb:4e:08:79
b8:27:eb:df:89:5e
b8:27:eb:f2:b8:0a
b8:27:eb:73:61:df
b8:27:eb:4e:08:79
1c:6f:65:a0:61:7e
b8:27:eb:df:89:5e
b8:27:eb:f2:b8:0a
b8:27:eb:73:61:df
b8:27:eb:4e:08:79
b8:27:eb:df:89:5e
1c:6f:65:a0:61:7e
b8:27:eb:f2:b8:0a
b8:27:eb:73:61:df
b8:27:eb:4e:08:79
b8:27:eb:df:89:5e
b8:27:eb:f2:b8:0a
1c:6f:65:a0:61:7e
b8:27:eb:73:61:df
b8:27:eb:4e:08:79
b8:27:eb:df:89:5e
b8:27:eb:f2:b8:0a
1c:6f:65:a0:61:7e
b8:27:eb:73:61:df
b8:27:eb:df:89:5e
b8:27:eb:4e:08:79
b8:27:eb:f2:b8:0a
b8:27:eb:73:61:df
1c:6f:65:a0:61:7e
b8:27:eb:df:89:5e
b8:27:eb:4e:08:79
b8:27:eb:f2:b8:0a
b8:27:eb:73:61:df
1c:6f:65:a0:61:7e
b8:27:eb:df:89:5e
b8:27:eb:4e:08:79
b8:27:eb:f2:b8:0a
b8:27:eb:73:61:df
b8:27:eb:df:89:5e
1c:6f:65:a0:61:7e
b8:27:eb:4e:08:79
b8:27:eb:f2:b8:0a
b8:27:eb:df:89:5e
b8:27:eb:73:61:df
b8:27:eb:4e:08:79
1c:6f:65:a0:61:7e
b8:27:eb:f2:b8:0a
b8:27:eb:df:89:5e
b8:27:eb:73:61:df
b8:27:eb:4e:08:79
1c:6f:65:a0:61:7e
b8:27:eb:f2:b8:0a
b8:27:eb:df:89:5e
b8:27:eb:73:61:df
b8:27:eb:4e:08:79
1c:6f:65:a0:61:7e
b8:27:eb:f2:b8:0a
b8:27:eb:df:89:5e
b8:27:eb:73:61:df
b8:27:eb:4e:08:79
b8:27:eb:f2:b8:0a
1c:6f:65:a0:61:7e
b8:27:eb:73:61:df
b8:27:eb:df:89:5e
b8:27:eb:4e:08:79
b8:27:eb:f2:b8:0a
b8:27:eb:73:61:df
b8:27:eb:df:89:5e
1c:6f:65:a0:61:7e
b8:27:eb:f2:b8:0a
b8:27:eb:4e:08:79
b8:27:eb:df:89:5e
b8:27:eb:73:61:df
1c:6f:65:a0:61:7e
b8:27:eb:4e:08:79
b8:27:eb:f2:b8:0a
b8:27:eb:df:89:5e
b8:27:eb:73:61:df
1c:6f:65:a0:61:7e
b8:27:eb:4e:08:79
b8:27:eb:df:89:5e
b8:27:eb:f2:b8:0a
b8:27:eb:73:61:df
1c:6f:65:a0:61:7e
b8:27:eb:4e:08:79
b8:27:eb:df:89:5e
b8:27:eb:f2:b8:0a
b8:27:eb:73:61:df
1c:6f:65:a0:61:7e
b8:27:eb:4e:08:79
b8:27:eb:f2:b8:0a
b8:27:eb:df:89:5e
b8:27:eb:73:61:df
1c:6f:65:a0:61:7e
b8:27:eb:df:89:5e
b8:27:eb:f2:b8:0a
b8:27:eb:4e:08:79
b8:27:eb:73:61:df
b8:27:eb:f2:b8:0a
b8:27:eb:df:89:5e
1c:6f:65:a0:61:7e
b8:27:eb:4e:08:79
b8:27:eb:73:61:df
b8:27:eb:f2:b8:0a
b8:27:eb:df:89:5e
1c:6f:65:a0:61:7e
b8:27:eb:4e:08:79
b8:27:eb:73:61:df
b8:27:eb:f2:b8:0a
b8:27:eb:df:89:5e
b8:27:eb:4e:08:79
1c:6f:65:a0:61:7e
b8:27:eb:73:61:df
b8:27:eb:f2:b8:0a
b8:27:eb:df:89:5e
b8:27:eb:73:61:df
b8:27:eb:4e:08:79
1c:6f:65:a0:61:7e
b8:27:eb:f2:b8:0a
b8:27:eb:73:61:df
b8:27:eb:df:89:5e
b8:27:eb:4e:08:79
1c:6f:65:a0:61:7e
b8:27:eb:f2:b8:0a
b8:27:eb:4e:08:79
b8:27:eb:73:61:df
b8:27:eb:df:89:5e
1c:6f:65:a0:61:7e
b8:27:eb:f2:b8:0a
b8:27:eb:4e:08:79
b8:27:eb:73:61:df
b8:27:eb:df:89:5e
b8:27:eb:f2:b8:0a
1c:6f:65:a0:61:7e
b8:27:eb:73:61:df
b8:27:eb:4e:08:79
b8:27:eb:df:89:5e
b8:27:eb:f2:b8:0a
1c:6f:65:a0:61:7e
b8:27:eb:73:61:df
b8:27:eb:4e:08:79
b8:27:eb:df:89:5e
b8:27:eb:f2:b8:0a
b8:27:eb:73:61:df
1c:6f:65:a0:61:7e
b8:27:eb:4e:08:79
b8:27:eb:df:89:5e
b8:27:eb:f2:b8:0a
b8:27:eb:73:61:df
1c:6f:65:a0:61:7e
b8:27:eb:df:89:5e
b8:27:eb:4e:08:79
b8:27:eb:f2:b8:0a
b8:27:eb:73:61:df
1c:6f:65:a0:61:7e
b8:27:eb:4e:08:79
b8:27:eb:df:89:5e
b8:27:eb:73:61:df
b8:27:eb:f2:b8:0a
b8:27:eb:4e:08:79
1c:6f:65:a0:61:7e
b8:27:eb:df:89:5e
b8:27:eb:f2:b8:0a
b8:27:eb:73:61:df
b8:27:eb:4e:08:79
b8:27:eb:73:61:df
1c:6f:65:a0:61:7e
b8:27:eb:df:89:5e
b8:27:eb:f2:b8:0a
b8:27:eb:4e:08:79
b8:27:eb:df:89:5e
b8:27:eb:73:61:df
b8:27:eb:f2:b8:0a
1c:6f:65:a0:61:7e
b8:27:eb:4e:08:79
b8:27:eb:73:61:df
b8:27:eb:df:89:5e
b8:27:eb:f2:b8:0a
1c:6f:65:a0:61:7e
b8:27:eb:4e:08:79
b8:27:eb:df:89:5e
b8:27:eb:73:61:df
b8:27:eb:f2:b8:0a
1c:6f:65:a0:61:7e
b8:27:eb:df:89:5e
b8:27:eb:4e:08:79
b8:27:eb:73:61:df
b8:27:eb:f2:b8:0a
1c:6f:65:a0:61:7e
b8:27:eb:4e:08:79
b8:27:eb:df:89:5e
b8:27:eb:73:61:df
b8:27:eb:f2:b8:0a
1c:6f:65:a0:61:7e
b8:27:eb:4e:08:79
b8:27:eb:df:89:5e
b8:27:eb:73:61:df
b8:27:eb:f2:b8:0a
b8:27:eb:4e:08:79
1c:6f:65:a0:61:7e
b8:27:eb:73:61:df
b8:27:eb:f2:b8:0a
b8:27:eb:df:89:5e
b8:27:eb:4e:08:79
b8:27:eb:f2:b8:0a
1c:6f:65:a0:61:7e
b8:27:eb:df:89:5e
b8:27:eb:73:61:df
b8:27:eb:73:61:df
b8:27:eb:4e:08:79
b8:27:eb:f2:b8:0a
b8:27:eb:df:89:5e
1c:6f:65:a0:61:7e
b8:27:eb:73:61:df
b8:27:eb:4e:08:79
b8:27:eb:f2:b8:0a
b8:27:eb:df:89:5e
1c:6f:65:a0:61:7e
b8:27:eb:73:61:df
b8:27:eb:f2:b8:0a
b8:27:eb:4e:08:79
b8:27:eb:df:89:5e
1c:6f:65:a0:61:7e
fc:aa:14:07:d8:0d
b8:27:eb:73:61:df
<incomplete>     
<incomplete>     
b8:27:eb:f2:b8:0a
6c:41:6a:4d:3f:00
<incomplete>     
<incomplete>     
<incomplete>     
18:9c:5d:f7:b2:ef
1c:6f:65:a0:61:7e
b8:27:eb:4e:08:79
74:27:ea:4a:67:68
fc:aa:14:07:d8:0d
<incomplete>     
<incomplete>     
b8:27:eb:df:89:5e
