1c:6f:65:a0:61:7e
00:22:19:1d:2a:44
00:22:19:1d:27:b4
52:54:00:a9:24:c2
00:22:19:1d:2a:44
00:22:19:1d:27:b4
1c:6f:65:a0:61:7e
52:54:00:a9:24:c2
00:22:19:1d:2a:44
00:22:19:1d:2a:44
52:54:00:a9:24:c2
00:22:19:1d:2a:44
00:22:19:1d:2a:44
52:54:00:a9:24:c2
00:22:19:1d:2a:44
00:22:19:1d:2a:44
52:54:00:a9:24:c2
00:22:19:1d:2a:44
00:22:19:1d:2a:44
52:54:00:a9:24:c2
00:22:19:1d:2a:44
00:22:19:1d:2a:44
52:54:00:a9:24:c2
00:22:19:1d:2a:44
00:22:19:1d:2a:44
52:54:00:a9:24:c2
00:22:19:1d:2a:44
00:22:19:1d:2a:44
52:54:00:a9:24:c2
00:22:19:1d:2a:44
00:22:19:1d:2a:44
52:54:00:a9:24:c2
00:22:19:1d:2a:44
00:22:19:1d:2a:44
52:54:00:a9:24:c2
00:22:19:1d:2a:44
00:22:19:1d:2a:44
52:54:00:a9:24:c2
00:22:19:1d:2a:44
00:22:19:1d:2a:44
52:54:00:a9:24:c2
00:22:19:1d:2a:44
00:22:19:1d:2a:44
00:22:19:1d:2a:44
52:54:00:a9:24:c2
00:22:19:1d:2a:44
00:22:19:1d:2a:44
52:54:00:a9:24:c2
00:22:19:1d:2a:44
00:22:19:1d:2a:44
52:54:00:a9:24:c2
00:22:19:1d:2a:44
00:22:19:1d:2a:44
52:54:00:a9:24:c2
00:22:19:1d:2a:44
00:22:19:1d:2a:44
52:54:00:a9:24:c2
00:22:19:1d:2a:44
00:22:19:1d:2a:44
52:54:00:a9:24:c2
00:22:19:1d:2a:44
00:22:19:1d:2a:44
52:54:00:a9:24:c2
00:22:19:1d:2a:44
00:22:19:1d:2a:44
52:54:00:a9:24:c2
00:22:19:1d:2a:44
00:22:19:1d:2a:44
52:54:00:a9:24:c2
00:22:19:1d:2a:44
00:22:19:1d:2a:44
00:22:19:1d:2a:44
52:54:00:a9:24:c2
00:22:19:1d:2a:44
52:54:00:a9:24:c2
00:22:19:1d:2a:44
00:22:19:1d:2a:44
52:54:00:a9:24:c2
00:22:19:1d:2a:44
00:22:19:1d:2a:44
52:54:00:a9:24:c2
00:22:19:1d:2a:44
00:22:19:1d:2a:44
52:54:00:a9:24:c2
00:22:19:1d:2a:44
00:22:19:1d:2a:44
52:54:00:a9:24:c2
00:22:19:1d:2a:44
00:22:19:1d:2a:44
52:54:00:a9:24:c2
00:22:19:1d:2a:44
00:22:19:1d:2a:44
52:54:00:a9:24:c2
00:22:19:1d:2a:44
00:22:19:1d:2a:44
52:54:00:a9:24:c2
00:22:19:1d:2a:44
00:22:19:1d:2a:44
52:54:00:a9:24:c2
00:22:19:1d:2a:44
00:22:19:1d:2a:44
52:54:00:a9:24:c2
00:22:19:1d:2a:44
00:22:19:1d:2a:44
00:22:19:1d:2a:44
52:54:00:a9:24:c2
00:22:19:1d:2a:44
52:54:00:a9:24:c2
00:22:19:1d:2a:44
00:22:19:1d:2a:44
52:54:00:a9:24:c2
00:22:19:1d:2a:44
00:22:19:1d:2a:44
52:54:00:a9:24:c2
00:22:19:1d:2a:44
00:22:19:1d:2a:44
52:54:00:a9:24:c2
00:22:19:1d:2a:44
00:22:19:1d:2a:44
00:22:19:1d:2a:44
52:54:00:a9:24:c2
00:22:19:1d:2a:44
00:22:19:1d:2a:44
52:54:00:a9:24:c2
00:22:19:1d:2a:44
00:22:19:1d:2a:44
52:54:00:a9:24:c2
00:22:19:1d:2a:44
00:22:19:1d:2a:44
52:54:00:a9:24:c2
00:22:19:1d:2a:44
52:54:00:a9:24:c2
00:22:19:1d:2a:44
00:22:19:1d:2a:44
1c:6f:65:a0:61:7e
00:22:19:1d:2a:44
08:00:27:d1:a7:7b
52:54:00:a9:24:c2
00:22:19:1d:2a:44
00:22:19:1d:2a:44
1c:6f:65:a0:61:7e
52:54:00:a9:24:c2
00:22:19:1d:27:b4
00:22:19:1d:2a:44
00:22:19:1d:27:b4
00:22:19:1d:27:b4
00:22:19:1d:27:b4
00:22:19:1d:27:b4
00:22:19:1d:27:b4
00:22:19:1d:2a:44
00:22:19:1d:27:b4
00:22:19:1d:27:b4
00:22:19:1d:27:b4
52:54:00:a9:24:c2
00:22:19:1d:27:b4
1c:6f:65:a0:61:7e
00:22:19:1d:27:b4
00:22:19:1d:2a:44
00:22:19:1d:27:b4
00:22:19:1d:27:b4
00:22:19:1d:2a:44
52:54:00:a9:24:c2
1c:6f:65:a0:61:7e
00:22:19:1d:2a:44
00:22:19:1d:2a:44
52:54:00:a9:24:c2
00:22:19:1d:2a:44
1c:6f:65:a0:61:7e
00:22:19:1d:2a:44
52:54:00:a9:24:c2
00:22:19:1d:27:b4
00:22:19:1d:27:b4
00:22:19:1d:27:b4
00:22:19:1d:2a:44
1c:6f:65:a0:61:7e
52:54:00:a9:24:c2
00:22:19:1d:2a:44
00:22:19:1d:2a:44
1c:6f:65:a0:61:7e
52:54:00:a9:24:c2
00:22:19:1d:2a:44
00:22:19:1d:2a:44
52:54:00:a9:24:c2
00:22:19:1d:2a:44
00:22:19:1d:2a:44
1c:6f:65:a0:61:7e
00:22:19:1d:2a:44
52:54:00:a9:24:c2
00:22:19:1d:2a:44
1c:6f:65:a0:61:7e
52:54:00:a9:24:c2
00:22:19:1d:2a:44
00:22:19:1d:2a:44
52:54:00:a9:24:c2
00:22:19:1d:2a:44
1c:6f:65:a0:61:7e
00:22:19:1d:2a:44
52:54:00:a9:24:c2
00:22:19:1d:2a:44
00:22:19:1d:2a:44
52:54:00:a9:24:c2
00:22:19:1d:2a:44
00:22:19:1d:2a:44
52:54:00:a9:24:c2
00:22:19:1d:2a:44
00:22:19:1d:2a:44
52:54:00:a9:24:c2
00:22:19:1d:2a:44
00:22:19:1d:2a:44
52:54:00:a9:24:c2
00:22:19:1d:2a:44
00:22:19:1d:2a:44
52:54:00:a9:24:c2
00:22:19:1d:2a:44
00:22:19:1d:2a:44
52:54:00:a9:24:c2
00:22:19:1d:2a:44
00:22:19:1d:2a:44
52:54:00:a9:24:c2
00:22:19:1d:2a:44
00:22:19:1d:2a:44
52:54:00:a9:24:c2
00:22:19:1d:2a:44
00:22:19:1d:2a:44
52:54:00:a9:24:c2
00:22:19:1d:2a:44
00:22:19:1d:2a:44
52:54:00:a9:24:c2
00:22:19:1d:2a:44
00:22:19:1d:2a:44
52:54:00:a9:24:c2
00:22:19:1d:2a:44
00:22:19:1d:2a:44
00:22:19:1d:2a:44
52:54:00:a9:24:c2
00:22:19:1d:2a:44
00:22:19:1d:2a:44
52:54:00:a9:24:c2
00:22:19:1d:2a:44
00:22:19:1d:2a:44
52:54:00:a9:24:c2
00:22:19:1d:2a:44
00:22:19:1d:2a:44
52:54:00:a9:24:c2
00:22:19:1d:2a:44
00:22:19:1d:2a:44
52:54:00:a9:24:c2
00:22:19:1d:2a:44
00:22:19:1d:2a:44
52:54:00:a9:24:c2
00:22:19:1d:2a:44
00:22:19:1d:2a:44
52:54:00:a9:24:c2
00:22:19:1d:2a:44
00:22:19:1d:2a:44
52:54:00:a9:24:c2
00:22:19:1d:2a:44
00:22:19:1d:2a:44
52:54:00:a9:24:c2
00:22:19:1d:2a:44
00:22:19:1d:2a:44
52:54:00:a9:24:c2
00:22:19:1d:2a:44
00:22:19:1d:2a:44
52:54:00:a9:24:c2
00:22:19:1d:2a:44
00:22:19:1d:2a:44
52:54:00:a9:24:c2
00:22:19:1d:2a:44
00:22:19:1d:2a:44
52:54:00:a9:24:c2
00:22:19:1d:2a:44
00:22:19:1d:2a:44
52:54:00:a9:24:c2
00:22:19:1d:2a:44
00:22:19:1d:2a:44
52:54:00:a9:24:c2
00:22:19:1d:2a:44
00:22:19:1d:2a:44
52:54:00:a9:24:c2
00:22:19:1d:2a:44
00:22:19:1d:2a:44
52:54:00:a9:24:c2
00:22:19:1d:2a:44
52:54:00:a9:24:c2
00:22:19:1d:2a:44
00:22:19:1d:2a:44
52:54:00:a9:24:c2
00:22:19:1d:2a:44
00:22:19:1d:2a:44
00:22:19:1d:2a:44
52:54:00:a9:24:c2
00:22:19:1d:2a:44
52:54:00:a9:24:c2
00:22:19:1d:2a:44
00:22:19:1d:2a:44
52:54:00:a9:24:c2
00:22:19:1d:2a:44
00:22:19:1d:2a:44
52:54:00:a9:24:c2
00:22:19:1d:2a:44
00:22:19:1d:2a:44
52:54:00:a9:24:c2
00:22:19:1d:2a:44
00:22:19:1d:2a:44
52:54:00:a9:24:c2
00:22:19:1d:2a:44
00:22:19:1d:2a:44
52:54:00:a9:24:c2
00:22:19:1d:2a:44
00:22:19:1d:2a:44
52:54:00:a9:24:c2
00:22:19:1d:2a:44
00:22:19:1d:2a:44
52:54:00:a9:24:c2
00:22:19:1d:2a:44
00:22:19:1d:2a:44
52:54:00:a9:24:c2
00:22:19:1d:2a:44
00:22:19:1d:2a:44
52:54:00:a9:24:c2
00:22:19:1d:2a:44
00:22:19:1d:2a:44
52:54:00:a9:24:c2
00:22:19:1d:2a:44
00:22:19:1d:2a:44
52:54:00:a9:24:c2
00:22:19:1d:2a:44
00:22:19:1d:2a:44
52:54:00:a9:24:c2
00:22:19:1d:2a:44
00:22:19:1d:2a:44
52:54:00:a9:24:c2
00:22:19:1d:2a:44
00:22:19:1d:2a:44
52:54:00:a9:24:c2
00:22:19:1d:2a:44
00:22:19:1d:2a:44
52:54:00:a9:24:c2
00:22:19:1d:2a:44
00:22:19:1d:2a:44
52:54:00:a9:24:c2
00:22:19:1d:2a:44
00:22:19:1d:2a:44
52:54:00:a9:24:c2
00:22:19:1d:2a:44
52:54:00:a9:24:c2
00:22:19:1d:2a:44
00:22:19:1d:2a:44
52:54:00:a9:24:c2
00:22:19:1d:2a:44
00:22:19:1d:2a:44
52:54:00:a9:24:c2
00:22:19:1d:2a:44
00:22:19:1d:2a:44
52:54:00:a9:24:c2
00:22:19:1d:2a:44
00:22:19:1d:2a:44
52:54:00:a9:24:c2
00:22:19:1d:2a:44
00:22:19:1d:2a:44
52:54:00:a9:24:c2
00:22:19:1d:2a:44
00:22:19:1d:2a:44
52:54:00:a9:24:c2
00:22:19:1d:2a:44
00:22:19:1d:2a:44
52:54:00:a9:24:c2
00:22:19:1d:2a:44
52:54:00:a9:24:c2
00:22:19:1d:2a:44
00:22:19:1d:2a:44
52:54:00:a9:24:c2
00:22:19:1d:2a:44
00:22:19:1d:2a:44
52:54:00:a9:24:c2
00:22:19:1d:2a:44
00:22:19:1d:2a:44
00:22:19:1d:2a:44
52:54:00:a9:24:c2
00:22:19:1d:2a:44
52:54:00:a9:24:c2
00:22:19:1d:2a:44
00:22:19:1d:2a:44
52:54:00:a9:24:c2
00:22:19:1d:2a:44
00:22:19:1d:2a:44
52:54:00:a9:24:c2
00:22:19:1d:2a:44
00:22:19:1d:2a:44
00:22:19:1d:2a:44
52:54:00:a9:24:c2
00:22:19:1d:2a:44
00:22:19:1d:2a:44
52:54:00:a9:24:c2
00:22:19:1d:2a:44
00:22:19:1d:2a:44
52:54:00:a9:24:c2
00:22:19:1d:2a:44
00:22:19:1d:2a:44
52:54:00:a9:24:c2
00:22:19:1d:2a:44
00:22:19:1d:2a:44
52:54:00:a9:24:c2
00:22:19:1d:2a:44
00:22:19:1d:2a:44
52:54:00:a9:24:c2
00:22:19:1d:2a:44
52:54:00:a9:24:c2
00:22:19:1d:2a:44
00:22:19:1d:2a:44
52:54:00:a9:24:c2
00:22:19:1d:2a:44
00:22:19:1d:2a:44
00:22:19:1d:2a:44
52:54:00:a9:24:c2
00:22:19:1d:2a:44
00:22:19:1d:2a:44
52:54:00:a9:24:c2
00:22:19:1d:2a:44
00:22:19:1d:2a:44
52:54:00:a9:24:c2
00:22:19:1d:2a:44
00:22:19:1d:2a:44
52:54:00:a9:24:c2
00:22:19:1d:2a:44
52:54:00:a9:24:c2
00:22:19:1d:2a:44
52:54:00:a9:24:c2
00:22:19:1d:2a:44
00:22:19:1d:2a:44
52:54:00:a9:24:c2
00:22:19:1d:2a:44
00:22:19:1d:2a:44
52:54:00:a9:24:c2
00:22:19:1d:2a:44
00:22:19:1d:2a:44
52:54:00:a9:24:c2
00:22:19:1d:2a:44
00:22:19:1d:2a:44
52:54:00:a9:24:c2
00:22:19:1d:2a:44
00:22:19:1d:2a:44
52:54:00:a9:24:c2
00:22:19:1d:2a:44
00:22:19:1d:2a:44
52:54:00:a9:24:c2
00:22:19:1d:2a:44
00:22:19:1d:2a:44
52:54:00:a9:24:c2
00:22:19:1d:2a:44
00:22:19:1d:2a:44
52:54:00:a9:24:c2
00:22:19:1d:2a:44
00:22:19:1d:2a:44
52:54:00:a9:24:c2
00:22:19:1d:2a:44
00:22:19:1d:2a:44
52:54:00:a9:24:c2
00:22:19:1d:2a:44
00:22:19:1d:2a:44
52:54:00:a9:24:c2
00:22:19:1d:2a:44
52:54:00:a9:24:c2
00:22:19:1d:2a:44
00:22:19:1d:2a:44
52:54:00:a9:24:c2
00:22:19:1d:2a:44
00:22:19:1d:2a:44
52:54:00:a9:24:c2
00:22:19:1d:2a:44
00:22:19:1d:2a:44
52:54:00:a9:24:c2
00:22:19:1d:2a:44
00:22:19:1d:2a:44
00:22:19:1d:2a:44
52:54:00:a9:24:c2
00:22:19:1d:2a:44
52:54:00:a9:24:c2
00:22:19:1d:2a:44
00:22:19:1d:2a:44
52:54:00:a9:24:c2
00:22:19:1d:2a:44
00:22:19:1d:2a:44
52:54:00:a9:24:c2
00:22:19:1d:2a:44
00:22:19:1d:2a:44
52:54:00:a9:24:c2
00:22:19:1d:2a:44
00:22:19:1d:2a:44
52:54:00:a9:24:c2
00:22:19:1d:2a:44
00:22:19:1d:2a:44
00:22:19:1d:2a:44
52:54:00:a9:24:c2
00:22:19:1d:2a:44
00:22:19:1d:2a:44
52:54:00:a9:24:c2
00:22:19:1d:2a:44
52:54:00:a9:24:c2
00:22:19:1d:2a:44
00:22:19:1d:2a:44
00:22:19:1d:2a:44
52:54:00:a9:24:c2
00:22:19:1d:2a:44
52:54:00:a9:24:c2
00:22:19:1d:2a:44
00:22:19:1d:2a:44
52:54:00:a9:24:c2
00:22:19:1d:2a:44
00:22:19:1d:2a:44
52:54:00:a9:24:c2
00:22:19:1d:2a:44
00:22:19:1d:2a:44
00:22:19:1d:2a:44
52:54:00:a9:24:c2
00:22:19:1d:2a:44
52:54:00:a9:24:c2
00:22:19:1d:2a:44
00:22:19:1d:2a:44
52:54:00:a9:24:c2
00:22:19:1d:2a:44
00:22:19:1d:2a:44
52:54:00:a9:24:c2
00:22:19:1d:2a:44
00:22:19:1d:2a:44
52:54:00:a9:24:c2
00:22:19:1d:2a:44
00:22:19:1d:2a:44
52:54:00:a9:24:c2
00:22:19:1d:2a:44
00:22:19:1d:2a:44
52:54:00:a9:24:c2
00:22:19:1d:2a:44
00:22:19:1d:2a:44
52:54:00:a9:24:c2
00:22:19:1d:2a:44
00:22:19:1d:2a:44
52:54:00:a9:24:c2
00:22:19:1d:2a:44
00:22:19:1d:2a:44
52:54:00:a9:24:c2
00:22:19:1d:2a:44
00:22:19:1d:2a:44
52:54:00:a9:24:c2
00:22:19:1d:2a:44
00:22:19:1d:2a:44
52:54:00:a9:24:c2
00:22:19:1d:2a:44
00:22:19:1d:2a:44
52:54:00:a9:24:c2
00:22:19:1d:2a:44
00:22:19:1d:2a:44
52:54:00:a9:24:c2
00:22:19:1d:2a:44
00:22:19:1d:2a:44
52:54:00:a9:24:c2
00:22:19:1d:2a:44
00:22:19:1d:2a:44
52:54:00:a9:24:c2
00:22:19:1d:2a:44
00:22:19:1d:2a:44
52:54:00:a9:24:c2
00:22:19:1d:2a:44
00:22:19:1d:2a:44
52:54:00:a9:24:c2
00:22:19:1d:2a:44
00:22:19:1d:2a:44
52:54:00:a9:24:c2
00:22:19:1d:2a:44
00:22:19:1d:2a:44
52:54:00:a9:24:c2
00:22:19:1d:2a:44
00:22:19:1d:2a:44
52:54:00:a9:24:c2
00:22:19:1d:2a:44
00:22:19:1d:2a:44
52:54:00:a9:24:c2
00:22:19:1d:2a:44
00:22:19:1d:2a:44
52:54:00:a9:24:c2
00:22:19:1d:2a:44
00:22:19:1d:2a:44
52:54:00:a9:24:c2
00:22:19:1d:2a:44
00:22:19:1d:2a:44
52:54:00:a9:24:c2
00:22:19:1d:2a:44
00:22:19:1d:2a:44
52:54:00:a9:24:c2
00:22:19:1d:2a:44
00:22:19:1d:2a:44
52:54:00:a9:24:c2
00:22:19:1d:2a:44
00:22:19:1d:2a:44
52:54:00:a9:24:c2
00:22:19:1d:2a:44
00:22:19:1d:2a:44
52:54:00:a9:24:c2
00:22:19:1d:2a:44
00:22:19:1d:2a:44
52:54:00:a9:24:c2
00:22:19:1d:2a:44
00:22:19:1d:2a:44
52:54:00:a9:24:c2
00:22:19:1d:2a:44
52:54:00:a9:24:c2
00:22:19:1d:2a:44
00:22:19:1d:2a:44
52:54:00:a9:24:c2
00:22:19:1d:2a:44
00:22:19:1d:2a:44
00:22:19:1d:2a:44
52:54:00:a9:24:c2
00:22:19:1d:2a:44
52:54:00:a9:24:c2
00:22:19:1d:2a:44
00:22:19:1d:2a:44
52:54:00:a9:24:c2
00:22:19:1d:2a:44
00:22:19:1d:2a:44
52:54:00:a9:24:c2
00:22:19:1d:2a:44
00:22:19:1d:2a:44
52:54:00:a9:24:c2
00:22:19:1d:2a:44
00:22:19:1d:2a:44
00:22:19:1d:2a:44
52:54:00:a9:24:c2
00:22:19:1d:2a:44
52:54:00:a9:24:c2
00:22:19:1d:2a:44
00:22:19:1d:2a:44
52:54:00:a9:24:c2
00:22:19:1d:2a:44
00:22:19:1d:2a:44
00:22:19:1d:2a:44
52:54:00:a9:24:c2
00:22:19:1d:2a:44
00:22:19:1d:2a:44
52:54:00:a9:24:c2
00:22:19:1d:2a:44
00:22:19:1d:2a:44
52:54:00:a9:24:c2
00:22:19:1d:2a:44
00:22:19:1d:2a:44
52:54:00:a9:24:c2
00:22:19:1d:2a:44
52:54:00:a9:24:c2
00:22:19:1d:2a:44
00:22:19:1d:2a:44
52:54:00:a9:24:c2
00:22:19:1d:2a:44
00:22:19:1d:2a:44
00:22:19:1d:2a:44
52:54:00:a9:24:c2
1c:6f:65:a0:61:7e
00:22:19:1d:2a:44
52:54:00:a9:24:c2
00:22:19:1d:2a:44
1c:6f:65:a0:61:7e
00:22:19:1d:2a:44
52:54:00:a9:24:c2
00:22:19:1d:2a:44
00:22:19:1d:2a:44
1c:6f:65:a0:61:7e
52:54:00:a9:24:c2
00:22:19:1d:2a:44
00:22:19:1d:2a:44
1c:6f:65:a0:61:7e
52:54:00:a9:24:c2
00:22:19:1d:2a:44
00:22:19:1d:2a:44
1c:6f:65:a0:61:7e
52:54:00:a9:24:c2
00:22:19:1d:2a:44
00:22:19:1d:2a:44
1c:6f:65:a0:61:7e
52:54:00:a9:24:c2
00:22:19:1d:2a:44
00:22:19:1d:2a:44
52:54:00:a9:24:c2
1c:6f:65:a0:61:7e
00:22:19:1d:2a:44
00:22:19:1d:2a:44
52:54:00:a9:24:c2
1c:6f:65:a0:61:7e
00:22:19:1d:2a:44
00:22:19:1d:2a:44
52:54:00:a9:24:c2
1c:6f:65:a0:61:7e
00:22:19:1d:2a:44
00:22:19:1d:2a:44
52:54:00:a9:24:c2
00:22:19:1d:2a:44
1c:6f:65:a0:61:7e
00:22:19:1d:2a:44
52:54:00:a9:24:c2
00:22:19:1d:2a:44
1c:6f:65:a0:61:7e
00:22:19:1d:2a:44
52:54:00:a9:24:c2
00:22:19:1d:2a:44
00:22:19:1d:2a:44
52:54:00:a9:24:c2
00:22:19:1d:2a:44
00:22:19:1d:2a:44
52:54:00:a9:24:c2
00:22:19:1d:2a:44
00:22:19:1d:2a:44
52:54:00:a9:24:c2
00:22:19:1d:2a:44
00:22:19:1d:2a:44
52:54:00:a9:24:c2
00:22:19:1d:2a:44
00:22:19:1d:2a:44
52:54:00:a9:24:c2
00:22:19:1d:2a:44
00:22:19:1d:2a:44
52:54:00:a9:24:c2
00:22:19:1d:2a:44
00:22:19:1d:2a:44
52:54:00:a9:24:c2
00:22:19:1d:2a:44
00:22:19:1d:2a:44
52:54:00:a9:24:c2
00:22:19:1d:2a:44
00:22:19:1d:2a:44
52:54:00:a9:24:c2
00:22:19:1d:2a:44
00:22:19:1d:2a:44
52:54:00:a9:24:c2
00:22:19:1d:2a:44
00:22:19:1d:2a:44
52:54:00:a9:24:c2
00:22:19:1d:2a:44
00:22:19:1d:2a:44
52:54:00:a9:24:c2
00:22:19:1d:2a:44
00:22:19:1d:2a:44
52:54:00:a9:24:c2
00:22:19:1d:2a:44
00:22:19:1d:2a:44
52:54:00:a9:24:c2
00:22:19:1d:2a:44
00:22:19:1d:2a:44
52:54:00:a9:24:c2
00:22:19:1d:2a:44
00:22:19:1d:2a:44
52:54:00:a9:24:c2
00:22:19:1d:2a:44
00:22:19:1d:2a:44
52:54:00:a9:24:c2
00:22:19:1d:2a:44
00:22:19:1d:2a:44
52:54:00:a9:24:c2
00:22:19:1d:2a:44
00:22:19:1d:2a:44
52:54:00:a9:24:c2
00:22:19:1d:2a:44
00:22:19:1d:2a:44
52:54:00:a9:24:c2
00:22:19:1d:2a:44
00:22:19:1d:2a:44
52:54:00:a9:24:c2
00:22:19:1d:2a:44
00:22:19:1d:2a:44
00:22:19:1d:2a:44
52:54:00:a9:24:c2
00:22:19:1d:2a:44
00:22:19:1d:2a:44
52:54:00:a9:24:c2
00:22:19:1d:2a:44
00:22:19:1d:2a:44
52:54:00:a9:24:c2
00:22:19:1d:2a:44
00:22:19:1d:2a:44
52:54:00:a9:24:c2
00:22:19:1d:2a:44
52:54:00:a9:24:c2
00:22:19:1d:2a:44
00:22:19:1d:2a:44
52:54:00:a9:24:c2
00:22:19:1d:2a:44
00:22:19:1d:2a:44
00:22:19:1d:2a:44
52:54:00:a9:24:c2
00:22:19:1d:2a:44
52:54:00:a9:24:c2
00:22:19:1d:2a:44
00:22:19:1d:2a:44
52:54:00:a9:24:c2
00:22:19:1d:2a:44
00:22:19:1d:2a:44
52:54:00:a9:24:c2
00:22:19:1d:2a:44
00:22:19:1d:2a:44
52:54:00:a9:24:c2
00:22:19:1d:2a:44
52:54:00:a9:24:c2
00:22:19:1d:2a:44
00:22:19:1d:2a:44
52:54:00:a9:24:c2
00:22:19:1d:2a:44
00:22:19:1d:2a:44
52:54:00:a9:24:c2
00:22:19:1d:2a:44
00:22:19:1d:2a:44
52:54:00:a9:24:c2
00:22:19:1d:2a:44
00:22:19:1d:2a:44
52:54:00:a9:24:c2
00:22:19:1d:2a:44
00:22:19:1d:2a:44
52:54:00:a9:24:c2
00:22:19:1d:2a:44
00:22:19:1d:2a:44
52:54:00:a9:24:c2
00:22:19:1d:2a:44
00:22:19:1d:2a:44
52:54:00:a9:24:c2
1c:6f:65:a0:61:7e
00:22:19:1d:2a:44
00:22:19:1d:2a:44
52:54:00:a9:24:c2
1c:6f:65:a0:61:7e
00:22:19:1d:2a:44
00:22:19:1d:2a:44
52:54:00:a9:24:c2
1c:6f:65:a0:61:7e
00:22:19:1d:2a:44
00:22:19:1d:2a:44
52:54:00:a9:24:c2
00:22:19:1d:2a:44
1c:6f:65:a0:61:7e
00:22:19:1d:2a:44
52:54:00:a9:24:c2
00:22:19:1d:2a:44
00:22:19:1d:2a:44
1c:6f:65:a0:61:7e
52:54:00:a9:24:c2
00:22:19:1d:2a:44
00:22:19:1d:2a:44
1c:6f:65:a0:61:7e
52:54:00:a9:24:c2
00:22:19:1d:2a:44
00:22:19:1d:2a:44
52:54:00:a9:24:c2
00:22:19:1d:2a:44
00:22:19:1d:2a:44
52:54:00:a9:24:c2
1c:6f:65:a0:61:7e
00:22:19:1d:2a:44
52:54:00:a9:24:c2
00:22:19:1d:2a:44
00:22:19:1d:2a:44
52:54:00:a9:24:c2
1c:6f:65:a0:61:7e
00:22:19:1d:2a:44
00:22:19:1d:2a:44
52:54:00:a9:24:c2
00:22:19:1d:2a:44
00:22:19:1d:2a:44
52:54:00:a9:24:c2
00:22:19:1d:2a:44
00:22:19:1d:2a:44
00:22:19:1d:2a:44
52:54:00:a9:24:c2
00:22:19:1d:2a:44
00:22:19:1d:2a:44
1c:6f:65:a0:61:7e
52:54:00:a9:24:c2
00:22:19:1d:2a:44
00:22:19:1d:2a:44
52:54:00:a9:24:c2
1c:6f:65:a0:61:7e
00:22:19:1d:2a:44
00:22:19:1d:2a:44
52:54:00:a9:24:c2
1c:6f:65:a0:61:7e
00:22:19:1d:2a:44
00:22:19:1d:2a:44
52:54:00:a9:24:c2
1c:6f:65:a0:61:7e
00:22:19:1d:27:b4
00:22:19:1d:27:b4
00:22:19:1d:2a:44
52:54:00:a9:24:c2
00:22:19:1d:2a:44
00:22:19:1d:27:b4
00:22:19:1d:27:b4
00:22:19:1d:27:b4
1c:6f:65:a0:61:7e
00:22:19:1d:27:b4
00:22:19:1d:2a:44
00:22:19:1d:27:b4
52:54:00:a9:24:c2
00:22:19:1d:2a:44
00:22:19:1d:27:b4
00:22:19:1d:27:b4
00:22:19:1d:27:b4
1c:6f:65:a0:61:7e
00:22:19:1d:2a:44
00:22:19:1d:2a:44
52:54:00:a9:24:c2
00:22:19:1d:27:b4
00:22:19:1d:27:b4
00:22:19:1d:27:b4
00:22:19:1d:2a:44
00:22:19:1d:2a:44
1c:6f:65:a0:61:7e
52:54:00:a9:24:c2
00:22:19:1d:27:b4
00:22:19:1d:2a:44
00:22:19:1d:2a:44
1c:6f:65:a0:61:7e
52:54:00:a9:24:c2
00:22:19:1d:27:b4
00:22:19:1d:2a:44
00:22:19:1d:2a:44
52:54:00:a9:24:c2
00:22:19:1d:27:b4
00:22:19:1d:2a:44
00:22:19:1d:2a:44
52:54:00:a9:24:c2
00:22:19:1d:27:b4
00:22:19:1d:2a:44
00:22:19:1d:2a:44
52:54:00:a9:24:c2
00:22:19:1d:2a:44
00:22:19:1d:27:b4
00:22:19:1d:2a:44
52:54:00:a9:24:c2
00:22:19:1d:2a:44
00:22:19:1d:2a:44
00:22:19:1d:27:b4
52:54:00:a9:24:c2
00:22:19:1d:2a:44
00:22:19:1d:2a:44
00:22:19:1d:27:b4
52:54:00:a9:24:c2
00:22:19:1d:2a:44
00:22:19:1d:2a:44
00:22:19:1d:27:b4
52:54:00:a9:24:c2
00:22:19:1d:2a:44
00:22:19:1d:2a:44
00:22:19:1d:27:b4
52:54:00:a9:24:c2
00:22:19:1d:2a:44
00:22:19:1d:2a:44
00:22:19:1d:27:b4
52:54:00:a9:24:c2
00:22:19:1d:2a:44
00:22:19:1d:2a:44
00:22:19:1d:27:b4
52:54:00:a9:24:c2
00:22:19:1d:2a:44
00:22:19:1d:2a:44
00:22:19:1d:27:b4
52:54:00:a9:24:c2
00:22:19:1d:2a:44
00:22:19:1d:2a:44
52:54:00:a9:24:c2
00:22:19:1d:27:b4
00:22:19:1d:2a:44
00:22:19:1d:2a:44
52:54:00:a9:24:c2
00:22:19:1d:27:b4
00:22:19:1d:2a:44
00:22:19:1d:2a:44
52:54:00:a9:24:c2
00:22:19:1d:27:b4
00:22:19:1d:2a:44
00:22:19:1d:2a:44
00:22:19:1d:27:b4
52:54:00:a9:24:c2
00:22:19:1d:2a:44
00:22:19:1d:2a:44
52:54:00:a9:24:c2
00:22:19:1d:27:b4
00:22:19:1d:2a:44
00:22:19:1d:2a:44
00:22:19:1d:27:b4
52:54:00:a9:24:c2
00:22:19:1d:2a:44
00:22:19:1d:2a:44
00:22:19:1d:27:b4
52:54:00:a9:24:c2
00:22:19:1d:2a:44
00:22:19:1d:2a:44
00:22:19:1d:27:b4
52:54:00:a9:24:c2
00:22:19:1d:2a:44
00:22:19:1d:2a:44
52:54:00:a9:24:c2
00:22:19:1d:27:b4
00:22:19:1d:2a:44
00:22:19:1d:2a:44
00:22:19:1d:27:b4
52:54:00:a9:24:c2
00:22:19:1d:2a:44
00:22:19:1d:2a:44
00:22:19:1d:27:b4
52:54:00:a9:24:c2
00:22:19:1d:2a:44
00:22:19:1d:2a:44
00:22:19:1d:27:b4
00:22:19:1d:2a:44
52:54:00:a9:24:c2
00:22:19:1d:2a:44
00:22:19:1d:27:b4
00:22:19:1d:2a:44
52:54:00:a9:24:c2
00:22:19:1d:2a:44
00:22:19:1d:27:b4
00:22:19:1d:2a:44
52:54:00:a9:24:c2
00:22:19:1d:2a:44
00:22:19:1d:27:b4
00:22:19:1d:2a:44
00:22:19:1d:2a:44
52:54:00:a9:24:c2
00:22:19:1d:27:b4
00:22:19:1d:2a:44
00:22:19:1d:2a:44
52:54:00:a9:24:c2
00:22:19:1d:27:b4
00:22:19:1d:2a:44
00:22:19:1d:2a:44
52:54:00:a9:24:c2
00:22:19:1d:27:b4
00:22:19:1d:2a:44
52:54:00:a9:24:c2
00:22:19:1d:2a:44
00:22:19:1d:27:b4
00:22:19:1d:2a:44
52:54:00:a9:24:c2
00:22:19:1d:2a:44
00:22:19:1d:27:b4
00:22:19:1d:2a:44
52:54:00:a9:24:c2
00:22:19:1d:2a:44
00:22:19:1d:27:b4
00:22:19:1d:2a:44
52:54:00:a9:24:c2
00:22:19:1d:2a:44
00:22:19:1d:27:b4
00:22:19:1d:2a:44
52:54:00:a9:24:c2
00:22:19:1d:2a:44
00:22:19:1d:27:b4
00:22:19:1d:2a:44
52:54:00:a9:24:c2
00:22:19:1d:2a:44
00:22:19:1d:27:b4
00:22:19:1d:2a:44
52:54:00:a9:24:c2
1c:6f:65:a0:61:7e
00:22:19:1d:2a:44
00:22:19:1d:27:b4
00:22:19:1d:2a:44
52:54:00:a9:24:c2
1c:6f:65:a0:61:7e
00:22:19:1d:27:b4
00:22:19:1d:2a:44
00:22:19:1d:2a:44
52:54:00:a9:24:c2
1c:6f:65:a0:61:7e
00:22:19:1d:27:b4
00:22:19:1d:2a:44
00:22:19:1d:2a:44
52:54:00:a9:24:c2
1c:6f:65:a0:61:7e
00:22:19:1d:2a:44
00:22:19:1d:27:b4
00:22:19:1d:2a:44
52:54:00:a9:24:c2
00:22:19:1d:2a:44
00:22:19:1d:2a:44
1c:6f:65:a0:61:7e
00:22:19:1d:27:b4
52:54:00:a9:24:c2
00:22:19:1d:2a:44
00:22:19:1d:27:b4
00:22:19:1d:2a:44
1c:6f:65:a0:61:7e
52:54:00:a9:24:c2
00:22:19:1d:2a:44
00:22:19:1d:27:b4
00:22:19:1d:2a:44
52:54:00:a9:24:c2
00:22:19:1d:2a:44
00:22:19:1d:27:b4
00:22:19:1d:2a:44
52:54:00:a9:24:c2
00:22:19:1d:27:b4
00:22:19:1d:2a:44
00:22:19:1d:2a:44
52:54:00:a9:24:c2
00:22:19:1d:27:b4
00:22:19:1d:2a:44
00:22:19:1d:2a:44
52:54:00:a9:24:c2
00:22:19:1d:2a:44
00:22:19:1d:27:b4
00:22:19:1d:2a:44
52:54:00:a9:24:c2
00:22:19:1d:2a:44
00:22:19:1d:27:b4
52:54:00:a9:24:c2
00:22:19:1d:2a:44
00:22:19:1d:2a:44
00:22:19:1d:27:b4
52:54:00:a9:24:c2
00:22:19:1d:2a:44
1c:6f:65:a0:61:7e
00:22:19:1d:2a:44
00:22:19:1d:27:b4
52:54:00:a9:24:c2
00:22:19:1d:2a:44
1c:6f:65:a0:61:7e
00:22:19:1d:2a:44
00:22:19:1d:27:b4
52:54:00:a9:24:c2
00:22:19:1d:2a:44
1c:6f:65:a0:61:7e
00:22:19:1d:2a:44
00:22:19:1d:27:b4
52:54:00:a9:24:c2
00:22:19:1d:2a:44
00:22:19:1d:2a:44
1c:6f:65:a0:61:7e
52:54:00:a9:24:c2
00:22:19:1d:27:b4
00:22:19:1d:2a:44
00:22:19:1d:2a:44
52:54:00:a9:24:c2
1c:6f:65:a0:61:7e
00:22:19:1d:27:b4
00:22:19:1d:2a:44
00:22:19:1d:2a:44
52:54:00:a9:24:c2
00:22:19:1d:27:b4
1c:6f:65:a0:61:7e
00:22:19:1d:2a:44
00:22:19:1d:2a:44
52:54:00:a9:24:c2
00:22:19:1d:27:b4
00:22:19:1d:2a:44
52:54:00:a9:24:c2
00:22:19:1d:27:b4
00:22:19:1d:2a:44
00:22:19:1d:2a:44
00:22:19:1d:27:b4
52:54:00:a9:24:c2
00:22:19:1d:2a:44
00:22:19:1d:2a:44
00:22:19:1d:27:b4
52:54:00:a9:24:c2
00:22:19:1d:2a:44
00:22:19:1d:2a:44
00:22:19:1d:27:b4
52:54:00:a9:24:c2
00:22:19:1d:2a:44
00:22:19:1d:2a:44
00:22:19:1d:27:b4
52:54:00:a9:24:c2
00:22:19:1d:2a:44
00:22:19:1d:2a:44
52:54:00:a9:24:c2
00:22:19:1d:27:b4
00:22:19:1d:2a:44
00:22:19:1d:2a:44
52:54:00:a9:24:c2
00:22:19:1d:2a:44
00:22:19:1d:27:b4
00:22:19:1d:2a:44
52:54:00:a9:24:c2
00:22:19:1d:27:b4
00:22:19:1d:2a:44
00:22:19:1d:2a:44
52:54:00:a9:24:c2
00:22:19:1d:2a:44
00:22:19:1d:27:b4
00:22:19:1d:2a:44
52:54:00:a9:24:c2
00:22:19:1d:2a:44
00:22:19:1d:2a:44
00:22:19:1d:27:b4
52:54:00:a9:24:c2
00:22:19:1d:2a:44
00:22:19:1d:2a:44
00:22:19:1d:27:b4
52:54:00:a9:24:c2
00:22:19:1d:2a:44
00:22:19:1d:2a:44
00:22:19:1d:27:b4
52:54:00:a9:24:c2
00:22:19:1d:2a:44
00:22:19:1d:2a:44
00:22:19:1d:27:b4
52:54:00:a9:24:c2
00:22:19:1d:2a:44
00:22:19:1d:27:b4
00:22:19:1d:2a:44
52:54:00:a9:24:c2
00:22:19:1d:27:b4
00:22:19:1d:2a:44
00:22:19:1d:2a:44
52:54:00:a9:24:c2
00:22:19:1d:2a:44
00:22:19:1d:27:b4
00:22:19:1d:2a:44
52:54:00:a9:24:c2
00:22:19:1d:2a:44
00:22:19:1d:27:b4
00:22:19:1d:2a:44
52:54:00:a9:24:c2
00:22:19:1d:2a:44
00:22:19:1d:27:b4
00:22:19:1d:2a:44
52:54:00:a9:24:c2
00:22:19:1d:2a:44
00:22:19:1d:2a:44
00:22:19:1d:27:b4
1c:6f:65:a0:61:7e
52:54:00:a9:24:c2
00:22:19:1d:2a:44
00:22:19:1d:27:b4
00:22:19:1d:2a:44
52:54:00:a9:24:c2
00:22:19:1d:27:b4
00:22:19:1d:2a:44
00:22:19:1d:2a:44
52:54:00:a9:24:c2
00:22:19:1d:27:b4
00:22:19:1d:2a:44
00:22:19:1d:2a:44
00:22:19:1d:27:b4
52:54:00:a9:24:c2
00:22:19:1d:2a:44
00:22:19:1d:2a:44
00:22:19:1d:27:b4
52:54:00:a9:24:c2
00:22:19:1d:2a:44
00:22:19:1d:2a:44
00:22:19:1d:27:b4
52:54:00:a9:24:c2
00:22:19:1d:2a:44
00:22:19:1d:2a:44
00:22:19:1d:27:b4
52:54:00:a9:24:c2
00:22:19:1d:2a:44
00:22:19:1d:2a:44
00:22:19:1d:27:b4
52:54:00:a9:24:c2
00:22:19:1d:2a:44
00:22:19:1d:2a:44
00:22:19:1d:27:b4
52:54:00:a9:24:c2
00:22:19:1d:2a:44
00:22:19:1d:2a:44
00:22:19:1d:27:b4
52:54:00:a9:24:c2
00:22:19:1d:2a:44
00:22:19:1d:2a:44
00:22:19:1d:27:b4
52:54:00:a9:24:c2
00:22:19:1d:2a:44
00:22:19:1d:2a:44
00:22:19:1d:27:b4
52:54:00:a9:24:c2
00:22:19:1d:2a:44
00:22:19:1d:2a:44
00:22:19:1d:27:b4
52:54:00:a9:24:c2
00:22:19:1d:2a:44
00:22:19:1d:2a:44
00:22:19:1d:27:b4
52:54:00:a9:24:c2
00:22:19:1d:2a:44
00:22:19:1d:27:b4
00:22:19:1d:2a:44
52:54:00:a9:24:c2
00:22:19:1d:2a:44
00:22:19:1d:27:b4
00:22:19:1d:2a:44
52:54:00:a9:24:c2
00:22:19:1d:2a:44
00:22:19:1d:27:b4
00:22:19:1d:2a:44
52:54:00:a9:24:c2
00:22:19:1d:2a:44
00:22:19:1d:27:b4
00:22:19:1d:2a:44
52:54:00:a9:24:c2
00:22:19:1d:2a:44
00:22:19:1d:27:b4
00:22:19:1d:2a:44
52:54:00:a9:24:c2
00:22:19:1d:2a:44
00:22:19:1d:27:b4
00:22:19:1d:2a:44
52:54:00:a9:24:c2
00:22:19:1d:2a:44
00:22:19:1d:27:b4
00:22:19:1d:2a:44
00:22:19:1d:2a:44
52:54:00:a9:24:c2
00:22:19:1d:27:b4
00:22:19:1d:2a:44
00:22:19:1d:2a:44
52:54:00:a9:24:c2
00:22:19:1d:27:b4
00:22:19:1d:2a:44
00:22:19:1d:2a:44
52:54:00:a9:24:c2
1c:6f:65:a0:61:7e
00:22:19:1d:27:b4
00:22:19:1d:2a:44
00:22:19:1d:2a:44
52:54:00:a9:24:c2
1c:6f:65:a0:61:7e
00:22:19:1d:27:b4
00:22:19:1d:2a:44
00:22:19:1d:2a:44
52:54:00:a9:24:c2
1c:6f:65:a0:61:7e
00:22:19:1d:27:b4
00:22:19:1d:2a:44
00:22:19:1d:2a:44
52:54:00:a9:24:c2
1c:6f:65:a0:61:7e
00:22:19:1d:27:b4
00:22:19:1d:2a:44
00:22:19:1d:2a:44
52:54:00:a9:24:c2
00:22:19:1d:27:b4
1c:6f:65:a0:61:7e
00:22:19:1d:2a:44
00:22:19:1d:2a:44
52:54:00:a9:24:c2
00:22:19:1d:27:b4
00:22:19:1d:2a:44
1c:6f:65:a0:61:7e
00:22:19:1d:2a:44
52:54:00:a9:24:c2
00:22:19:1d:27:b4
00:22:19:1d:2a:44
1c:6f:65:a0:61:7e
00:22:19:1d:2a:44
52:54:00:a9:24:c2
00:22:19:1d:2a:44
00:22:19:1d:27:b4
1c:6f:65:a0:61:7e
52:54:00:a9:24:c2
00:22:19:1d:2a:44
00:22:19:1d:2a:44
00:22:19:1d:27:b4
00:22:19:1d:2a:44
1c:6f:65:a0:61:7e
52:54:00:a9:24:c2
00:22:19:1d:2a:44
00:22:19:1d:27:b4
52:54:00:a9:24:c2
00:22:19:1d:2a:44
1c:6f:65:a0:61:7e
00:22:19:1d:2a:44
00:22:19:1d:27:b4
00:22:19:1d:2a:44
52:54:00:a9:24:c2
1c:6f:65:a0:61:7e
00:22:19:1d:27:b4
00:22:19:1d:2a:44
00:22:19:1d:2a:44
52:54:00:a9:24:c2
00:22:19:1d:27:b4
00:22:19:1d:2a:44
00:22:19:1d:2a:44
52:54:00:a9:24:c2
00:22:19:1d:27:b4
00:22:19:1d:2a:44
00:22:19:1d:2a:44
52:54:00:a9:24:c2
00:22:19:1d:27:b4
00:22:19:1d:2a:44
00:22:19:1d:2a:44
52:54:00:a9:24:c2
00:22:19:1d:27:b4
00:22:19:1d:2a:44
00:22:19:1d:2a:44
52:54:00:a9:24:c2
00:22:19:1d:27:b4
00:22:19:1d:2a:44
00:22:19:1d:2a:44
00:22:19:1d:0d:90
00:22:19:1d:2a:44
00:22:19:1d:27:b4
<incomplete>     
18:9c:5d:f7:b2:ef
<incomplete>     
52:54:00:a9:24:c2
74:27:ea:4a:67:68
6c:41:6a:4d:3f:00
<incomplete>     
<incomplete>     
